<html>
<style>
.controller:hover{opacity:1 !important;}
</style>
<body>
<div id='canvas_container_16496970353352683' style='width:500px;height:500px;position:relative'>
<div id='loading_screen_16496970353352683' style='width:500px;height:500px;position:relative; background-color: #191919;text-align:center;align-items:center;display:flex;justify-content:center'> 
 <img src='https://raw.githubusercontent.com/viniciusmgn/uaibot_content/master/contents/SVG/logo_uai_bot.svg' style='width:200px;height:114px'/>
 </div>
<script id='MathJax-script' async src='https://cdn.jsdelivr.net/npm/mathjax@3.0.1/es5/tex-mml-chtml.js'></script>
<canvas id='scene_16496970353352683' width='500px' height='500px'></canvas>
<div id='genHTMLDiv'></div>
 <!-- USER DIVS GO HERE --><div class = 'controller' style='width:500px;height:30px;'></div>
</div>

 <script type="module">
import { Object3D, Vector3, BoxBufferGeometry, Color, Mesh, MeshBasicMaterial, PerspectiveCamera, OrthographicCamera,
Scene, WebGLRenderer, AmbientLight, DirectionalLight, HemisphereLight, MeshStandardMaterial,
AxesHelper, GridHelper, Matrix4, SphereBufferGeometry, CylinderBufferGeometry, Group, LoadingManager, MeshPhysicalMaterial, Vector2, FrontSide,
	BackSide, DoubleSide, PMREMGenerator, TextureLoader, PointLight, UVMapping, CubeReflectionMapping, CubeRefractionMapping,
	EquirectangularReflectionMapping, EquirectangularRefractionMapping, CubeUVReflectionMapping,
	CubeUVRefractionMapping, RepeatWrapping, ClampToEdgeWrapping, MirroredRepeatWrapping,
	NearestFilter, LinearFilter, NearestMipmapNearestFilter, NearestMipmapLinearFilter, LinearMipmapNearestFilter,
	LinearMipmapLinearFilter, BufferGeometry, Float32BufferAttribute, PointsMaterial, Points, ArrowHelper, TextGeometry, CubeTextureLoader,sRGBEncoding
} from 'https://cdn.skypack.dev/three@0.135.0/build/three.module.js';
import { OrbitControls } from 'https://cdn.skypack.dev/three@0.135.0/examples/jsm/controls/OrbitControls.js';
import {OBJLoader} from 'https://cdn.skypack.dev/three@0.135.0/examples/jsm/loaders/OBJLoader.js';
import {STLLoader} from 'https://cdn.skypack.dev/three@0.135.0/examples/jsm/loaders/STLLoader.js';
import {ColladaLoader} from 'https://cdn.skypack.dev/three@0.135.0/examples/jsm/loaders/ColladaLoader.js';
import {GUI} from 'https://cdn.skypack.dev/dat.gui';


//0.126.1 0.137.5
import { RoomEnvironment } from 'https://unpkg.com/three@0.126.1/examples/jsm/environments/RoomEnvironment.js';

//--------------------SIMULATION ELEMENTS---------------------

const delay = 500; 
 const maxTime = 27.990000000000002; 
 const cameraType= 'orthographic'; 
 const sceneID= '16496970353352683'; 
 const showWorldFrame=true; 
 const showGrid=true; 
 const backgroundColor='#191919'; 
 const ambientLightIntensity = 12;
 const ldrUrls = [];
 const cameraStartPose = [1.3, 1.8, 2.7, -0.58, 0.38, 2.63, 4.0];
 //SIMULATION PARAMETERS GO HERE

function elapsedMs()
{
	return (new Date()).getTime();
}


class Objsim{
	constructor(_frames){
		this.frames = _frames;
		this.currentFrame = 0;
		this.shape = "I HAVE NO SHAPE YET";
	}

	hasLoaded()
	{
		return true;
	}

	nextFrame(){
		while( (this.currentFrame < this.frames.length-1) && ( 1000 * this.frames[this.currentFrame+1][0] + delay < (elapsedMs() - startMs)) )
		{
			this.currentFrame += 1;
		}
	}
	setFrameTime(time)
	{
		this.currentFrame = 0;
		while( (this.currentFrame < this.frames.length-1) && ( this.frames[this.currentFrame+1][0] < time) )
		{
			this.currentFrame += 1;
		}
	}
	showFrame(){
		this.shape.matrix.set( this.frames[this.currentFrame][ 1],this.frames[this.currentFrame][ 2],this.frames[this.currentFrame][ 3],this.frames[this.currentFrame][ 4],
							   this.frames[this.currentFrame][ 5],this.frames[this.currentFrame][ 6],this.frames[this.currentFrame][ 7],this.frames[this.currentFrame][ 8],
							   this.frames[this.currentFrame][ 9],this.frames[this.currentFrame][10],this.frames[this.currentFrame][11],this.frames[this.currentFrame][12],
							   this.frames[this.currentFrame][13],this.frames[this.currentFrame][14],this.frames[this.currentFrame][15],this.frames[this.currentFrame][16]);


	}
	setEnvMap(envMap)
	{
		this.shape.material.envMap = envMap;
		this.shape.material.needsUpdate = true;
	}
}

class Box extends Objsim{
	constructor(_width, _height, _depth, _frames, _material){
		super(_frames);
		this.width = _width;
		this.height = _height;
		this.depth = _depth;
		const geometry = new BoxBufferGeometry( this.width, this.height, this.depth);
		const cube = new Mesh( geometry, _material );
		cube.matrixAutoUpdate = false;
		this.shape = cube;
	}
}

class Ball extends Objsim{
	constructor(_radius, _frames, _material){
		super(_frames);
		this.radius = _radius;
		const geometry = new SphereBufferGeometry( this.radius, 64, 32);
		const sphere = new Mesh( geometry, _material);
		sphere.matrixAutoUpdate = false;
		this.shape = sphere;
	}
}

class Cylinder extends Objsim{
	constructor(_radius, _height, _frames, _material){
		super(_frames);
		this.radius = _radius;
		this.height = _height;
		const geometry = new CylinderBufferGeometry( this.radius, this.radius, this.height, 20 );
		const cylinder = new Mesh( geometry, _material);
		cylinder.matrixAutoUpdate = false;
		this.shape = cylinder;
	}
}

class PointCloud extends Objsim{

	constructor(_points, _frames, _color, _size) {
		super(_frames);

		this.color = _color;
		this.points = _points
		this.size = _size;

		const vertices = []
		const geometry = new BufferGeometry();
		geometry.setAttribute('position', new Float32BufferAttribute(vertices, 3));
		const material = new PointsMaterial({color: this.color, size: this.size});
		this.shape  = new Points(geometry, material);
	}

	showFrame(){
		const vertices = [];

		for (let i = this.frames[this.currentFrame][1]; i < this.frames[this.currentFrame][2]; i++) {
			vertices.push(this.points[0][i], this.points[1][i], this.points[2][i]);
		}

		this.shape.geometry.setAttribute('position', new Float32BufferAttribute(vertices, 3));

	}

	setEnvMap(envMap) {}

}

class RigidObject extends Objsim
{

	constructor(_frames, _list_3dobject) {
		super(_frames);

		this.shape = new Group();
		this.shape.matrixAutoUpdate = false;

		const manager = new LoadingManager();

		let loader;

		for (let i = 0; i < _list_3dobject.length; i++) {
			const _3dobject = _list_3dobject[i];
			if (_3dobject.type === 'obj') {
				loader = new OBJLoader(manager);
				loader.load(_3dobject.url, (root) => {

					root.scale.set(_3dobject.scale, _3dobject.scale, _3dobject.scale);
					root.applyMatrix4(_3dobject.matrix)

					root.traverse(function (child) {
						if (child instanceof Mesh) {
							child.material = _3dobject.mesh_material;
						}
					});

					this.shape.add(root);
				});
			}
			if (_3dobject.type === 'stl') {
				loader = new STLLoader(manager);
				loader.load(_3dobject.url, (root) => {
					const mesh = new Mesh(root);

					mesh.scale.set(_3dobject.scale, _3dobject.scale, _3dobject.scale);
					mesh.applyMatrix4(_3dobject.matrix)

					mesh.traverse(function (child) {
						if (child instanceof Mesh) {
							child.material = _3dobject.mesh_material;
						}
					});

					this.shape.add(mesh);
				});
			}
			if (_3dobject.type === 'dae') {
				loader = new ColladaLoader(manager);
				loader.load(_3dobject.url, (root) => {
					const group = root.scene;

					group.scale.set(_3dobject.scale, _3dobject.scale, _3dobject.scale);
					group.applyMatrix4(_3dobject.matrix)

					group.traverse(function (child) {
						if (child instanceof Mesh) {
							child.material = _3dobject.mesh_material;
						}
					});

					this.shape.add(group);
				});
			}
		}

	}
}

class Vector extends Objsim {


	constructor(_frames, _color, _thickness, _origin, _dir, _length) {
		super(_frames);

		this.color = _color;
		this.thickness = _thickness
		this.origin = new Vector3(_origin[0], _origin[1], _origin[2]);
		this.dir =  new Vector3(_dir[0], _dir[1], _dir[2]);
		this._length = length

		this.shape = new ArrowHelper( this.dir, this.origin, this.length, this.color );
		this.shape.line.material.linewidth = this.thickness;

	}

	showFrame() {
		this.shape.setLength(this.frames[this.currentFrame][3]);
		const dir = this.frames[this.currentFrame][2];
		const origin = this.frames[this.currentFrame][1];

		this.shape.setDirection(new Vector3(dir[0], dir[1], dir[2]));
		this.shape.position.set(origin[0], origin[1], origin[2]);
	}
	setEnvMap(envMap) {}
}

class PointLightSim extends Objsim {


	constructor(_frames) {
		super(_frames);
		this.shape = new PointLight(this.frames[0][1],this.frames[0][2],this.frames[0][3]);
		this.shape.position.set(this.frames[0][4][0],this.frames[0][4][1],this.frames[0][4][2]);
	}

	showFrame() {
		this.shape.color.set(this.frames[this.currentFrame][1]);
		this.shape.intensity = this.frames[this.currentFrame][2];
		this.shape.distance = this.frames[this.currentFrame][3];
		this.shape.position.set(this.frames[this.currentFrame][4][0],this.frames[this.currentFrame][4][1],this.frames[this.currentFrame][4][2]);
	}
	setEnvMap(envMap) {}
}

class HTMLDiv extends Objsim{

	constructor(_id, _frames){
		super(_frames);
		this.id = _id;
		this.shape = undefined;
	}

	showFrame() {
		var element = document.getElementById(this.id);

		element.innerHTML = this.frames[this.currentFrame][1];
		element.style.position = "absolute";
		element.style = this.frames[this.currentFrame][2];
	}
	setEnvMap(envMap) {}
}

class Robot extends Objsim{

	constructor(_objBase, _link, _frames, _htm_base_0, _eef_frame_visible){
		super(_frames);

		this.loadedObjs = 0
		this.links = _link;

		this.totalNumberOfObjects = _objBase.length;

		for(let i=0; i<this.links.length; i++)
		{
			this.totalNumberOfObjects+= this.links[i].model3d.length;
		}

		this.htm_base_0 = _htm_base_0;

		//Function that creates a generic robot
		const base = new Group();
		base.name = "base";

		const baseFrame = new Group();
		baseFrame.name = "baseFrame";
		baseFrame.applyMatrix4(this.htm_base_0);


		//Create link groups
		let linkGroupList = [];

		for (let i = 0; i <= this.links.length; i++) {

			var linkGroup = new Group();
			linkGroup.name = "linkFrame" + i.toString();
			linkGroupList.push(linkGroup);

			linkGroup = new Group();
			linkGroup.name = "link" + i.toString();
			var axesHelper = new AxesHelper(0.2);
			axesHelper.matrixAutoUpdate = false;
			axesHelper.visible = true;
			linkGroup.add(axesHelper)

			if (i < this.links.length) {
				linkGroup.rotateZ(this.links[i].theta);
				linkGroup.translateZ(this.links[i].d);
				linkGroup.rotateX(this.links[i].alpha);
				linkGroup.translateX(this.links[i].a);
			}

			linkGroup.updateMatrix();

			linkGroupList.push(linkGroup);
		}


		base.add(baseFrame)
		baseFrame.add(linkGroupList[0])

		for (let i = 0; i < linkGroupList.length-1; i++) {
			linkGroupList[i].add(linkGroupList[i + 1])
		}

		//Load 3D models

		this.shape = base;
		this.shape.matrixAutoUpdate = false;

		this.loadObj(_objBase,"base", "base", false)
		for (let i = 0; i < this.links.length-1; i++) {
			this.loadObj(this.links[i].model3d,"link" + (i+1).toString(), "link" + (i).toString(), this.links[i].showFrame)
		}
		this.loadObj(this.links[this.links.length-1].model3d,"link" + (this.links.length).toString(), "link" + (this.links.length).toString(), _eef_frame_visible)

		this.delta_config = []

		for (let i = 0; i < this.links.length; i++) {
			if(this.links[i].jointType == 0)
			{
				this.delta_config.push(this.shape.getObjectByName("link" + (i).toString()).rotation.z)
			}
			if(this.links[i].jointType == 1)
			{
				this.delta_config.push(this.shape.getObjectByName("link" + (i).toString()).position.z)

			}
		}

	}

	loadObj(obj, name1, name2, axisVisible) {

		const manager = new LoadingManager();
		const objLoader = new OBJLoader(manager);
		const stlLoader = new STLLoader(manager);
		const colladaLoader = new ColladaLoader(manager);

		for (let i = 0; i < obj.length; i++) {


			if (obj[i].type == "obj") {
				objLoader.load(obj[i].url, (root) => {
					root.scale.set(obj[i].scale, obj[i].scale, obj[i].scale);
					root.applyMatrix4(obj[i].matrix)

					root.traverse(function (child) {
						if (child instanceof Mesh) {
							child.material = obj[i].mesh_material;
						}
					});

					this.shape.getObjectByName(name2).add(root);
					this.loadedObjs += 1
				});
			}
			if (obj[i].type == "stl") {
				stlLoader.load(obj[i].url, (root) => {
					const mesh = new Mesh(root);
					mesh.scale.set(obj[i].scale, obj[i].scale, obj[i].scale);
					mesh.applyMatrix4(obj[i].matrix)

					mesh.traverse(function (child) {
						if (child instanceof Mesh) {
							child.material = obj[i].mesh_material;
						}
					});

					this.shape.getObjectByName(name2).add(mesh);
					this.loadedObjs += 1
				});
			}
			if (obj[i].type == "dae") {
				colladaLoader.load(obj[i].url, (root) => {
					const group = root.scene;
					group.scale.set(obj[i].scale, obj[i].scale, obj[i].scale);
					group.applyMatrix4(obj[i].matrix)

					group.traverse(function (child) {
						if (child instanceof Mesh) {
							child.material = obj[i].mesh_material;
						}
					});

					this.shape.getObjectByName(name2).add(group);
					this.loadedObjs += 1
				});
			}

		}

		this.shape.getObjectByName(name1).getObjectByProperty("type", "AxesHelper").visible = axisVisible;
	}

	hasLoaded()
	{
		return this.loadedObjs == this.totalNumberOfObjects;
	}

	//Function that updates frames
	showFrame(){
		//setting robot position
		this.shape.matrix.set( this.frames[this.currentFrame][ 1],this.frames[this.currentFrame][ 2],this.frames[this.currentFrame][ 3],this.frames[this.currentFrame][ 4],
							   this.frames[this.currentFrame][ 5],this.frames[this.currentFrame][ 6],this.frames[this.currentFrame][ 7],this.frames[this.currentFrame][ 8],
							   this.frames[this.currentFrame][ 9],this.frames[this.currentFrame][10],this.frames[this.currentFrame][11],this.frames[this.currentFrame][12],
							   this.frames[this.currentFrame][13],this.frames[this.currentFrame][14],this.frames[this.currentFrame][15],this.frames[this.currentFrame][16]);
		//setting robot configuration

		if(this.frames[this.currentFrame][17] != undefined){

			for(let i = 0; i < this.links.length; i++){
				const linkName = "linkFrame" + (i).toString();

				if(this.links[i].jointType == 0){
					this.shape.getObjectByName(linkName).rotation.z = this.frames[this.currentFrame][17][i] + this.delta_config[i];
				}else if (this.links[i].jointType == 1){
					this.shape.getObjectByName(linkName).position.z = this.frames[this.currentFrame][17][i] + this.delta_config[i];
				}

			}
		}
	}

	setEnvMapTemp(variable, envMap)
	{
		if(variable instanceof Mesh)
		{
			variable.material.envMap = envMap;
			variable.material.needsUpdate  = true;
		}
		else if (variable instanceof Group)
		{
			for(let i=0; i < variable.children.length; i++)
			{
				this.setEnvMapTemp(variable.children[i]);
			}
		}
	}
	setEnvMap(envMap) {
		this.setEnvMapTemp(this.shape, envMap);
	}
}

//------------------------------------------------------------

//--------------- BASIC ELEMENTS OF ANY SCENE ----------------

Object3D.DefaultUp = new Vector3(0,0,1); //Pointing Z axis up
const canvas = document.getElementById('scene_'+sceneID);// Selecting canvas

const scene = new Scene();//Instantiate the Scene
scene.background = new Color(backgroundColor);//Set background color

let camera;

if (cameraType == "perspective") {
	camera = new PerspectiveCamera(60, canvas.clientWidth / canvas.clientHeight, 0.1, 100);//Instantiate a camera
}
if (cameraType == "orthographic") {
	camera = new OrthographicCamera(-3.2, 3.2, 2.4, -2.4, 0.01, 100);
}



var ambientLight = new HemisphereLight('white','darkslategrey', 3);//Instantiate Ambient light
ambientLight.intensity = ambientLightIntensity;
scene.add(ambientLight);

const controls = new OrbitControls(camera, canvas);	//Instantiate orbit controls
//controls.target.set(0, 0, 0);//Point camera at the origin

camera.position.set(cameraStartPose[0], cameraStartPose[1], cameraStartPose[2]);
camera.rotation.set(cameraStartPose[3], cameraStartPose[4], cameraStartPose[5]);
camera.zoom = cameraStartPose[6];
camera.updateProjectionMatrix();

const renderer = new WebGLRenderer({canvas, antialias: true});//Instantiate renderer
renderer.physicallyCorrectLights = true;//Enable physically Correct Lights
renderer.setSize(canvas.clientWidth, canvas.clientHeight);//Set render size
renderer.setPixelRatio(window.devicePixelRatio);//Set pixel ratio

let sceneElements = [];

if (showWorldFrame) {
	const axesHelper = new AxesHelper(0.5);
	axesHelper.renderOrder = 1;
	scene.add(axesHelper);
}

if (showGrid) {
	const gridHelper = new GridHelper(3, 6);
	scene.add(gridHelper);
	gridHelper.rotation.x = 3.14 / 2;
}





//------------------------------------------------------------

//--------------- ADDING ELEMENTS TO THIS SCENE ---------------

//BEGIN DECLARATION OF THE FRAME 'genFrame'


//BEGIN DECLARATION OF THE BALL 'dummy_ball_genFrame'

const material_dummy_ball_genFrame = new MeshPhysicalMaterial({
opacity: 0,
transparent: true,
aoMapIntensity: 1,
bumpScale: 1,
color: "white",
emissive: "black",
emissiveIntensity: 1,
envMapIntensity: 1,
flatShading: false,
lightMapIntensity: 1,
metalness: 0,
normalScale: new Vector2(1,1),
refractionRatio: 0.98,
roughness: 1,
clearcoat: 0,
clearcoatNormalScale: new Vector2(1,1),
clearcoatRoughness: 0,
ior: 1.5,
reflectivity: 0.5,
sheen: 0,
sheenRoughness: 1,
sheenColor: "white",
specularIntensity: 0,
specularColor: "white",
transmission: 0,
});


const var_dummy_ball_genFrame = new Ball(0.0001,[[0, 1.0, 0.0, 0.0, 0.0, 0.0, 1.0, 0.0, 0.0, 0.0, 0.0, 1.0, 0.0, 0, 0, 0, 1], [0.0, 1.0, 0.0, 0.0, 0.0, 0.0, 1.0, -0.002, 0.0, 0.0, 0.002, 1.0, 0.0, 0, 0, 0, 1], [0.01, 1.0, 0.0, 0.0, 0.0, 0.0, 1.0, -0.0039, 0.0, 0.0, 0.0039, 1.0, 0.0, 0, 0, 0, 1], [0.02, 1.0, 0.0, 0.0, 0.0, 0.0, 1.0, -0.0059, 0.0, 0.0, 0.0059, 1.0, 0.0, 0, 0, 0, 1], [0.03, 1.0, 0.0, 0.0, 0.0, 0.0, 1.0, -0.0078, 0.0, 0.0, 0.0078, 1.0, 0.0, 0, 0, 0, 1], [0.04, 1.0, 0.0, 0.0, 0.0, 0.0, 1.0, -0.0098, 0.0, 0.0, 0.0098, 1.0, 0.0, 0, 0, 0, 1], [0.05, 1.0, 0.0, 0.0, 0.0, 0.0, 0.9999, -0.0118, 0.0, 0.0, 0.0118, 0.9999, 0.0, 0, 0, 0, 1], [0.06, 1.0, 0.0, 0.0, 0.0, 0.0, 0.9999, -0.0137, 0.0, 0.0, 0.0137, 0.9999, 0.0, 0, 0, 0, 1], [0.07, 1.0, 0.0, 0.0, 0.0, 0.0, 0.9999, -0.0157, 0.0, 0.0, 0.0157, 0.9999, 0.0, 0, 0, 0, 1], [0.08, 1.0, 0.0, 0.0, 0.0, 0.0, 0.9998, -0.0177, 0.0, 0.0, 0.0177, 0.9998, 0.0, 0, 0, 0, 1], [0.09, 1.0, 0.0, 0.0, 0.0, 0.0, 0.9998, -0.0196, 0.0, 0.0, 0.0196, 0.9998, 0.0, 0, 0, 0, 1], [0.1, 1.0, 0.0, 0.0, 0.0, 0.0, 0.9998, -0.0216, 0.0, 0.0, 0.0216, 0.9998, 0.0, 0, 0, 0, 1], [0.11, 1.0, 0.0, 0.0, 0.0, 0.0, 0.9997, -0.0235, 0.0, 0.0, 0.0235, 0.9997, 0.0, 0, 0, 0, 1], [0.12, 1.0, 0.0, 0.0, 0.0, 0.0, 0.9997, -0.0255, 0.0, 0.0, 0.0255, 0.9997, 0.0, 0, 0, 0, 1], [0.13, 1.0, 0.0, 0.0, 0.0, 0.0, 0.9996, -0.0275, 0.0, 0.0, 0.0275, 0.9996, 0.0, 0, 0, 0, 1], [0.14, 1.0, 0.0, 0.0, 0.0, 0.0, 0.9996, -0.0294, 0.0, 0.0, 0.0294, 0.9996, 0.0, 0, 0, 0, 1], [0.15, 1.0, 0.0, 0.0, 0.0, 0.0, 0.9995, -0.0314, 0.0, 0.0, 0.0314, 0.9995, 0.0, 0, 0, 0, 1], [0.16, 1.0, 0.0, 0.0, 0.0, 0.0, 0.9994, -0.0334, 0.0, 0.0, 0.0334, 0.9994, 0.0, 0, 0, 0, 1], [0.17, 1.0, 0.0, 0.0, 0.0, 0.0, 0.9994, -0.0353, 0.0, 0.0, 0.0353, 0.9994, 0.0, 0, 0, 0, 1], [0.18, 1.0, 0.0, 0.0, 0.0, 0.0, 0.9993, -0.0373, 0.0, 0.0, 0.0373, 0.9993, 0.0, 0, 0, 0, 1], [0.19, 1.0, 0.0, 0.0, 0.0, 0.0, 0.9992, -0.0392, 0.0, 0.0, 0.0392, 0.9992, 0.0, 0, 0, 0, 1], [0.2, 1.0, 0.0, 0.0, 0.0, 0.0, 0.9992, -0.0412, 0.0, 0.0, 0.0412, 0.9992, 0.0, 0, 0, 0, 1], [0.21, 1.0, 0.0, 0.0, 0.0, 0.0, 0.9991, -0.0432, 0.0, 0.0, 0.0432, 0.9991, 0.0, 0, 0, 0, 1], [0.22, 1.0, 0.0, 0.0, 0.0, 0.0, 0.999, -0.0451, 0.0, 0.0, 0.0451, 0.999, 0.0, 0, 0, 0, 1], [0.23, 1.0, 0.0, 0.0, 0.0, 0.0, 0.9989, -0.0471, 0.0, 0.0, 0.0471, 0.9989, 0.0, 0, 0, 0, 1], [0.24, 1.0, 0.0, 0.0, 0.0, 0.0, 0.9988, -0.049, 0.0, 0.0, 0.049, 0.9988, 0.0, 0, 0, 0, 1], [0.25, 1.0, 0.0, 0.0, 0.0, 0.0, 0.9987, -0.051, 0.0, 0.0, 0.051, 0.9987, 0.0, 0, 0, 0, 1], [0.26, 1.0, 0.0, 0.0, 0.0, 0.0, 0.9986, -0.053, 0.0, 0.0, 0.053, 0.9986, 0.0, 0, 0, 0, 1], [0.27, 1.0, 0.0, 0.0, 0.0, 0.0, 0.9985, -0.0549, 0.0, 0.0, 0.0549, 0.9985, 0.0, 0, 0, 0, 1], [0.28, 1.0, 0.0, 0.0, 0.0, 0.0, 0.9984, -0.0569, 0.0, 0.0, 0.0569, 0.9984, 0.0, 0, 0, 0, 1], [0.29, 1.0, 0.0, 0.0, 0.0, 0.0, 0.9983, -0.0588, 0.0, 0.0, 0.0588, 0.9983, 0.0, 0, 0, 0, 1], [0.3, 1.0, 0.0, 0.0, 0.0, 0.0, 0.9981, -0.0608, 0.0, 0.0, 0.0608, 0.9981, 0.0, 0, 0, 0, 1], [0.31, 1.0, 0.0, 0.0, 0.0, 0.0, 0.998, -0.0628, 0.0, 0.0, 0.0628, 0.998, 0.0, 0, 0, 0, 1], [0.32, 1.0, 0.0, 0.0, 0.0, 0.0, 0.9979, -0.0647, 0.0, 0.0, 0.0647, 0.9979, 0.0, 0, 0, 0, 1], [0.33, 1.0, 0.0, 0.0, 0.0, 0.0, 0.9978, -0.0667, 0.0, 0.0, 0.0667, 0.9978, 0.0, 0, 0, 0, 1], [0.34, 1.0, 0.0, 0.0, 0.0, 0.0, 0.9976, -0.0686, 0.0, 0.0, 0.0686, 0.9976, 0.0, 0, 0, 0, 1], [0.35000000000000003, 1.0, 0.0, 0.0, 0.0, 0.0, 0.9975, -0.0706, 0.0, 0.0, 0.0706, 0.9975, 0.0, 0, 0, 0, 1], [0.36, 1.0, 0.0, 0.0, 0.0, 0.0, 0.9974, -0.0725, 0.0, 0.0, 0.0725, 0.9974, 0.0, 0, 0, 0, 1], [0.37, 1.0, 0.0, 0.0, 0.0, 0.0, 0.9972, -0.0745, 0.0, 0.0, 0.0745, 0.9972, 0.0, 0, 0, 0, 1], [0.38, 1.0, 0.0, 0.0, 0.0, 0.0, 0.9971, -0.0765, 0.0, 0.0, 0.0765, 0.9971, 0.0, 0, 0, 0, 1], [0.39, 1.0, 0.0, 0.0, 0.0, 0.0, 0.9969, -0.0784, 0.0, 0.0, 0.0784, 0.9969, 0.0, 0, 0, 0, 1], [0.4, 1.0, 0.0, 0.0, 0.0, 0.0, 0.9968, -0.0804, 0.0, 0.0, 0.0804, 0.9968, 0.0, 0, 0, 0, 1], [0.41000000000000003, 1.0, 0.0, 0.0, 0.0, 0.0, 0.9966, -0.0823, 0.0, 0.0, 0.0823, 0.9966, 0.0, 0, 0, 0, 1], [0.42, 1.0, 0.0, 0.0, 0.0, 0.0, 0.9964, -0.0843, 0.0, 0.0, 0.0843, 0.9964, 0.0, 0, 0, 0, 1], [0.43, 1.0, 0.0, 0.0, 0.0, 0.0, 0.9963, -0.0862, 0.0, 0.0, 0.0862, 0.9963, 0.0, 0, 0, 0, 1], [0.44, 1.0, 0.0, 0.0, 0.0, 0.0, 0.9961, -0.0882, 0.0, 0.0, 0.0882, 0.9961, 0.0, 0, 0, 0, 1], [0.45, 1.0, 0.0, 0.0, 0.0, 0.0, 0.9959, -0.0902, 0.0, 0.0, 0.0902, 0.9959, 0.0, 0, 0, 0, 1], [0.46, 1.0, 0.0, 0.0, 0.0, 0.0, 0.9957, -0.0921, 0.0, 0.0, 0.0921, 0.9957, 0.0, 0, 0, 0, 1], [0.47000000000000003, 1.0, 0.0, 0.0, 0.0, 0.0, 0.9956, -0.0941, 0.0, 0.0, 0.0941, 0.9956, 0.0, 0, 0, 0, 1], [0.48, 1.0, 0.0, 0.0, 0.0, 0.0, 0.9954, -0.096, 0.0, 0.0, 0.096, 0.9954, 0.0, 0, 0, 0, 1], [0.49, 1.0, 0.0, 0.0, 0.0, 0.0, 0.9952, -0.098, 0.0, 0.0, 0.098, 0.9952, 0.0, 0, 0, 0, 1], [0.5, 1.0, 0.0, 0.0, 0.0, 0.0, 0.995, -0.0999, 0.0, 0.0, 0.0999, 0.995, 0.0, 0, 0, 0, 1], [0.51, 1.0, 0.0, 0.0, 0.0, 0.0, 0.9948, -0.1019, 0.0, 0.0, 0.1019, 0.9948, 0.0, 0, 0, 0, 1], [0.52, 1.0, 0.0, 0.0, 0.0, 0.0, 0.9946, -0.1038, 0.0, 0.0, 0.1038, 0.9946, 0.0, 0, 0, 0, 1], [0.53, 1.0, 0.0, 0.0, 0.0, 0.0, 0.9944, -0.1058, 0.0, 0.0, 0.1058, 0.9944, 0.0, 0, 0, 0, 1], [0.54, 1.0, 0.0, 0.0, 0.0, 0.0, 0.9942, -0.1077, 0.0, 0.0, 0.1077, 0.9942, 0.0, 0, 0, 0, 1], [0.55, 1.0, 0.0, 0.0, 0.0, 0.0, 0.994, -0.1097, 0.0, 0.0, 0.1097, 0.994, 0.0, 0, 0, 0, 1], [0.56, 1.0, 0.0, 0.0, 0.0, 0.0, 0.9937, -0.1116, 0.0, 0.0, 0.1116, 0.9937, 0.0, 0, 0, 0, 1], [0.5700000000000001, 1.0, 0.0, 0.0, 0.0, 0.0, 0.9935, -0.1136, 0.0, 0.0, 0.1136, 0.9935, 0.0, 0, 0, 0, 1], [0.58, 1.0, 0.0, 0.0, 0.0, 0.0, 0.9933, -0.1155, 0.0, 0.0, 0.1155, 0.9933, 0.0, 0, 0, 0, 1], [0.59, 1.0, 0.0, 0.0, 0.0, 0.0, 0.9931, -0.1175, 0.0, 0.0, 0.1175, 0.9931, 0.0, 0, 0, 0, 1], [0.6, 1.0, 0.0, 0.0, 0.0, 0.0, 0.9928, -0.1194, 0.0, 0.0, 0.1194, 0.9928, 0.0, 0, 0, 0, 1], [0.61, 1.0, 0.0, 0.0, 0.0, 0.0, 0.9926, -0.1214, 0.0, 0.0, 0.1214, 0.9926, 0.0, 0, 0, 0, 1], [0.62, 1.0, 0.0, 0.0, 0.0, 0.0, 0.9924, -0.1233, 0.0, 0.0, 0.1233, 0.9924, 0.0, 0, 0, 0, 1], [0.63, 1.0, 0.0, 0.0, 0.0, 0.0, 0.9921, -0.1253, 0.0, 0.0, 0.1253, 0.9921, 0.0, 0, 0, 0, 1], [0.64, 1.0, 0.0, 0.0, 0.0, 0.0, 0.9919, -0.1272, 0.0, 0.0, 0.1272, 0.9919, 0.0, 0, 0, 0, 1], [0.65, 1.0, 0.0, 0.0, 0.0, 0.0, 0.9916, -0.1292, 0.0, 0.0, 0.1292, 0.9916, 0.0, 0, 0, 0, 1], [0.66, 1.0, 0.0, 0.0, 0.0, 0.0, 0.9914, -0.1311, 0.0, 0.0, 0.1311, 0.9914, 0.0, 0, 0, 0, 1], [0.67, 1.0, 0.0, 0.0, 0.0, 0.0, 0.9911, -0.1331, 0.0, 0.0, 0.1331, 0.9911, 0.0, 0, 0, 0, 1], [0.68, 1.0, 0.0, 0.0, 0.0, 0.0, 0.9908, -0.135, 0.0, 0.0, 0.135, 0.9908, 0.0, 0, 0, 0, 1], [0.6900000000000001, 1.0, 0.0, 0.0, 0.0, 0.0, 0.9906, -0.1369, 0.0, 0.0, 0.1369, 0.9906, 0.0, 0, 0, 0, 1], [0.7000000000000001, 1.0, 0.0, 0.0, 0.0, 0.0, 0.9903, -0.1389, 0.0, 0.0, 0.1389, 0.9903, 0.0, 0, 0, 0, 1], [0.71, 1.0, 0.0, 0.0, 0.0, 0.0, 0.99, -0.1408, 0.0, 0.0, 0.1408, 0.99, 0.0, 0, 0, 0, 1], [0.72, 1.0, 0.0, 0.0, 0.0, 0.0, 0.9898, -0.1428, 0.0, 0.0, 0.1428, 0.9898, 0.0, 0, 0, 0, 1], [0.73, 1.0, 0.0, 0.0, 0.0, 0.0, 0.9895, -0.1447, 0.0, 0.0, 0.1447, 0.9895, 0.0, 0, 0, 0, 1], [0.74, 1.0, 0.0, 0.0, 0.0, 0.0, 0.9892, -0.1467, 0.0, 0.0, 0.1467, 0.9892, 0.0, 0, 0, 0, 1], [0.75, 1.0, 0.0, 0.0, 0.0, 0.0, 0.9889, -0.1486, 0.0, 0.0, 0.1486, 0.9889, 0.0, 0, 0, 0, 1], [0.76, 1.0, 0.0, 0.0, 0.0, 0.0, 0.9886, -0.1505, 0.0, 0.0, 0.1505, 0.9886, 0.0, 0, 0, 0, 1], [0.77, 1.0, 0.0, 0.0, 0.0, 0.0, 0.9883, -0.1525, 0.0, 0.0, 0.1525, 0.9883, 0.0, 0, 0, 0, 1], [0.78, 1.0, 0.0, 0.0, 0.0, 0.0, 0.988, -0.1544, 0.0, 0.0, 0.1544, 0.988, 0.0, 0, 0, 0, 1], [0.79, 1.0, 0.0, 0.0, 0.0, 0.0, 0.9877, -0.1564, 0.0, 0.0, 0.1564, 0.9877, 0.0, 0, 0, 0, 1], [0.8, 1.0, 0.0, 0.0, 0.0, 0.0, 0.9874, -0.1583, 0.0, 0.0, 0.1583, 0.9874, 0.0, 0, 0, 0, 1], [0.81, 1.0, 0.0, 0.0, 0.0, 0.0, 0.9871, -0.1602, 0.0, 0.0, 0.1602, 0.9871, 0.0, 0, 0, 0, 1], [0.8200000000000001, 1.0, 0.0, 0.0, 0.0, 0.0, 0.9868, -0.1622, 0.0, 0.0, 0.1622, 0.9868, 0.0, 0, 0, 0, 1], [0.8300000000000001, 1.0, 0.0, 0.0, 0.0, 0.0, 0.9864, -0.1641, 0.0, 0.0, 0.1641, 0.9864, 0.0, 0, 0, 0, 1], [0.84, 1.0, 0.0, 0.0, 0.0, 0.0, 0.9861, -0.166, 0.0, 0.0, 0.166, 0.9861, 0.0, 0, 0, 0, 1], [0.85, 1.0, 0.0, 0.0, 0.0, 0.0, 0.9858, -0.168, 0.0, 0.0, 0.168, 0.9858, 0.0, 0, 0, 0, 1], [0.86, 1.0, 0.0, 0.0, 0.0, 0.0, 0.9855, -0.1699, 0.0, 0.0, 0.1699, 0.9855, 0.0, 0, 0, 0, 1], [0.87, 1.0, 0.0, 0.0, 0.0, 0.0, 0.9851, -0.1718, 0.0, 0.0, 0.1718, 0.9851, 0.0, 0, 0, 0, 1], [0.88, 1.0, 0.0, 0.0, 0.0, 0.0, 0.9848, -0.1738, 0.0, 0.0, 0.1738, 0.9848, 0.0, 0, 0, 0, 1], [0.89, 1.0, 0.0, 0.0, 0.0, 0.0, 0.9844, -0.1757, 0.0, 0.0, 0.1757, 0.9844, 0.0, 0, 0, 0, 1], [0.9, 1.0, 0.0, 0.0, 0.0, 0.0, 0.9841, -0.1776, 0.0, 0.0, 0.1776, 0.9841, 0.0, 0, 0, 0, 1], [0.91, 1.0, 0.0, 0.0, 0.0, 0.0, 0.9837, -0.1796, 0.0, 0.0, 0.1796, 0.9837, 0.0, 0, 0, 0, 1], [0.92, 1.0, 0.0, 0.0, 0.0, 0.0, 0.9834, -0.1815, 0.0, 0.0, 0.1815, 0.9834, 0.0, 0, 0, 0, 1], [0.93, 1.0, 0.0, 0.0, 0.0, 0.0, 0.983, -0.1834, 0.0, 0.0, 0.1834, 0.983, 0.0, 0, 0, 0, 1], [0.9400000000000001, 1.0, 0.0, 0.0, 0.0, 0.0, 0.9827, -0.1854, 0.0, 0.0, 0.1854, 0.9827, 0.0, 0, 0, 0, 1], [0.9500000000000001, 1.0, 0.0, 0.0, 0.0, 0.0, 0.9823, -0.1873, 0.0, 0.0, 0.1873, 0.9823, 0.0, 0, 0, 0, 1], [0.96, 1.0, 0.0, 0.0, 0.0, 0.0, 0.9819, -0.1892, 0.0, 0.0, 0.1892, 0.9819, 0.0, 0, 0, 0, 1], [0.97, 1.0, 0.0, 0.0, 0.0, 0.0, 0.9816, -0.1911, 0.0, 0.0, 0.1911, 0.9816, 0.0, 0, 0, 0, 1], [0.98, 1.0, 0.0, 0.0, 0.0, 0.0, 0.9812, -0.1931, 0.0, 0.0, 0.1931, 0.9812, 0.0, 0, 0, 0, 1], [0.99, 1.0, 0.0, 0.0, 0.0, 0.0, 0.9808, -0.195, 0.0, 0.0, 0.195, 0.9808, 0.0, 0, 0, 0, 1], [1.0, 1.0, 0.0, 0.0, 0.0, 0.0, 0.9804, -0.1969, 0.0, 0.0, 0.1969, 0.9804, 0.0, 0, 0, 0, 1], [1.01, 1.0, 0.0, 0.0, 0.0, 0.0, 0.98, -0.1988, 0.0, 0.0, 0.1988, 0.98, 0.0, 0, 0, 0, 1], [1.02, 1.0, 0.0, 0.0, 0.0, 0.0, 0.9796, -0.2008, 0.0, 0.0, 0.2008, 0.9796, 0.0, 0, 0, 0, 1], [1.03, 1.0, 0.0, 0.0, 0.0, 0.0, 0.9792, -0.2027, 0.0, 0.0, 0.2027, 0.9792, 0.0, 0, 0, 0, 1], [1.04, 1.0, 0.0, 0.0, 0.0, 0.0, 0.9788, -0.2046, 0.0, 0.0, 0.2046, 0.9788, 0.0, 0, 0, 0, 1], [1.05, 1.0, 0.0, 0.0, 0.0, 0.0, 0.9784, -0.2065, 0.0, 0.0, 0.2065, 0.9784, 0.0, 0, 0, 0, 1], [1.06, 1.0, 0.0, 0.0, 0.0, 0.0, 0.978, -0.2084, 0.0, 0.0, 0.2084, 0.978, 0.0, 0, 0, 0, 1], [1.07, 1.0, 0.0, 0.0, 0.0, 0.0, 0.9776, -0.2104, 0.0, 0.0, 0.2104, 0.9776, 0.0, 0, 0, 0, 1], [1.08, 1.0, 0.0, 0.0, 0.0, 0.0, 0.9772, -0.2123, 0.0, 0.0, 0.2123, 0.9772, 0.0, 0, 0, 0, 1], [1.09, 1.0, 0.0, 0.0, 0.0, 0.0, 0.9768, -0.2142, 0.0, 0.0, 0.2142, 0.9768, 0.0, 0, 0, 0, 1], [1.1, 1.0, 0.0, 0.0, 0.0, 0.0, 0.9764, -0.2161, 0.0, 0.0, 0.2161, 0.9764, 0.0, 0, 0, 0, 1], [1.11, 1.0, 0.0, 0.0, 0.0, 0.0, 0.9759, -0.218, 0.0, 0.0, 0.218, 0.9759, 0.0, 0, 0, 0, 1], [1.12, 1.0, 0.0, 0.0, 0.0, 0.0, 0.9755, -0.2199, 0.0, 0.0, 0.2199, 0.9755, 0.0, 0, 0, 0, 1], [1.1300000000000001, 1.0, 0.0, 0.0, 0.0, 0.0, 0.9751, -0.2219, 0.0, 0.0, 0.2219, 0.9751, 0.0, 0, 0, 0, 1], [1.1400000000000001, 1.0, 0.0, 0.0, 0.0, 0.0, 0.9746, -0.2238, 0.0, 0.0, 0.2238, 0.9746, 0.0, 0, 0, 0, 1], [1.1500000000000001, 1.0, 0.0, 0.0, 0.0, 0.0, 0.9742, -0.2257, 0.0, 0.0, 0.2257, 0.9742, 0.0, 0, 0, 0, 1], [1.16, 1.0, 0.0, 0.0, 0.0, 0.0, 0.9738, -0.2276, 0.0, 0.0, 0.2276, 0.9738, 0.0, 0, 0, 0, 1], [1.17, 1.0, 0.0, 0.0, 0.0, 0.0, 0.9733, -0.2295, 0.0, 0.0, 0.2295, 0.9733, 0.0, 0, 0, 0, 1], [1.18, 1.0, 0.0, 0.0, 0.0, 0.0, 0.9729, -0.2314, 0.0, 0.0, 0.2314, 0.9729, 0.0, 0, 0, 0, 1], [1.19, 1.0, 0.0, 0.0, 0.0, 0.0, 0.9724, -0.2333, 0.0, 0.0, 0.2333, 0.9724, 0.0, 0, 0, 0, 1], [1.2, 1.0, 0.0, 0.0, 0.0, 0.0, 0.9719, -0.2352, 0.0, 0.0, 0.2352, 0.9719, 0.0, 0, 0, 0, 1], [1.21, 1.0, 0.0, 0.0, 0.0, 0.0, 0.9715, -0.2371, 0.0, 0.0, 0.2371, 0.9715, 0.0, 0, 0, 0, 1], [1.22, 1.0, 0.0, 0.0, 0.0, 0.0, 0.971, -0.2391, 0.0, 0.0, 0.2391, 0.971, 0.0, 0, 0, 0, 1], [1.23, 1.0, 0.0, 0.0, 0.0, 0.0, 0.9705, -0.241, 0.0, 0.0, 0.241, 0.9705, 0.0, 0, 0, 0, 1], [1.24, 1.0, 0.0, 0.0, 0.0, 0.0, 0.9701, -0.2429, 0.0, 0.0, 0.2429, 0.9701, 0.0, 0, 0, 0, 1], [1.25, 1.0, 0.0, 0.0, 0.0, 0.0, 0.9696, -0.2448, 0.0, 0.0, 0.2448, 0.9696, 0.0, 0, 0, 0, 1], [1.26, 1.0, 0.0, 0.0, 0.0, 0.0, 0.9691, -0.2467, 0.0, 0.0, 0.2467, 0.9691, 0.0, 0, 0, 0, 1], [1.27, 1.0, 0.0, 0.0, 0.0, 0.0, 0.9686, -0.2486, 0.0, 0.0, 0.2486, 0.9686, 0.0, 0, 0, 0, 1], [1.28, 1.0, 0.0, 0.0, 0.0, 0.0, 0.9681, -0.2505, 0.0, 0.0, 0.2505, 0.9681, 0.0, 0, 0, 0, 1], [1.29, 1.0, 0.0, 0.0, 0.0, 0.0, 0.9676, -0.2524, 0.0, 0.0, 0.2524, 0.9676, 0.0, 0, 0, 0, 1], [1.3, 1.0, 0.0, 0.0, 0.0, 0.0, 0.9671, -0.2543, 0.0, 0.0, 0.2543, 0.9671, 0.0, 0, 0, 0, 1], [1.31, 1.0, 0.0, 0.0, 0.0, 0.0, 0.9666, -0.2562, 0.0, 0.0, 0.2562, 0.9666, 0.0, 0, 0, 0, 1], [1.32, 1.0, 0.0, 0.0, 0.0, 0.0, 0.9661, -0.2581, 0.0, 0.0, 0.2581, 0.9661, 0.0, 0, 0, 0, 1], [1.33, 1.0, 0.0, 0.0, 0.0, 0.0, 0.9656, -0.26, 0.0, 0.0, 0.26, 0.9656, 0.0, 0, 0, 0, 1], [1.34, 1.0, 0.0, 0.0, 0.0, 0.0, 0.9651, -0.2618, 0.0, 0.0, 0.2618, 0.9651, 0.0, 0, 0, 0, 1], [1.35, 1.0, 0.0, 0.0, 0.0, 0.0, 0.9646, -0.2637, 0.0, 0.0, 0.2637, 0.9646, 0.0, 0, 0, 0, 1], [1.36, 1.0, 0.0, 0.0, 0.0, 0.0, 0.9641, -0.2656, 0.0, 0.0, 0.2656, 0.9641, 0.0, 0, 0, 0, 1], [1.37, 1.0, 0.0, 0.0, 0.0, 0.0, 0.9636, -0.2675, 0.0, 0.0, 0.2675, 0.9636, 0.0, 0, 0, 0, 1], [1.3800000000000001, 1.0, 0.0, 0.0, 0.0, 0.0, 0.963, -0.2694, 0.0, 0.0, 0.2694, 0.963, 0.0, 0, 0, 0, 1], [1.3900000000000001, 1.0, 0.0, 0.0, 0.0, 0.0, 0.9625, -0.2713, 0.0, 0.0, 0.2713, 0.9625, 0.0, 0, 0, 0, 1], [1.4000000000000001, 1.0, 0.0, 0.0, 0.0, 0.0, 0.962, -0.2732, 0.0, 0.0, 0.2732, 0.962, 0.0, 0, 0, 0, 1], [1.41, 1.0, 0.0, 0.0, 0.0, 0.0, 0.9614, -0.2751, 0.0, 0.0, 0.2751, 0.9614, 0.0, 0, 0, 0, 1], [1.42, 1.0, 0.0, 0.0, 0.0, 0.0, 0.9609, -0.277, 0.0, 0.0, 0.277, 0.9609, 0.0, 0, 0, 0, 1], [1.43, 1.0, 0.0, 0.0, 0.0, 0.0, 0.9603, -0.2789, 0.0, 0.0, 0.2789, 0.9603, 0.0, 0, 0, 0, 1], [1.44, 1.0, 0.0, 0.0, 0.0, 0.0, 0.9598, -0.2807, 0.0, 0.0, 0.2807, 0.9598, 0.0, 0, 0, 0, 1], [1.45, 1.0, 0.0, 0.0, 0.0, 0.0, 0.9592, -0.2826, 0.0, 0.0, 0.2826, 0.9592, 0.0, 0, 0, 0, 1], [1.46, 1.0, 0.0, 0.0, 0.0, 0.0, 0.9587, -0.2845, 0.0, 0.0, 0.2845, 0.9587, 0.0, 0, 0, 0, 1], [1.47, 1.0, 0.0, 0.0, 0.0, 0.0, 0.9581, -0.2864, 0.0, 0.0, 0.2864, 0.9581, 0.0, 0, 0, 0, 1], [1.48, 1.0, 0.0, 0.0, 0.0, 0.0, 0.9576, -0.2883, 0.0, 0.0, 0.2883, 0.9576, 0.0, 0, 0, 0, 1], [1.49, 1.0, 0.0, 0.0, 0.0, 0.0, 0.957, -0.2901, 0.0, 0.0, 0.2901, 0.957, 0.0, 0, 0, 0, 1], [1.5, 1.0, 0.0, 0.0, 0.0, 0.0, 0.9564, -0.292, 0.0, 0.0, 0.292, 0.9564, 0.0, 0, 0, 0, 1], [1.51, 1.0, 0.0, 0.0, 0.0, 0.0, 0.9558, -0.2939, 0.0, 0.0, 0.2939, 0.9558, 0.0, 0, 0, 0, 1], [1.52, 1.0, 0.0, 0.0, 0.0, 0.0, 0.9553, -0.2958, 0.0, 0.0, 0.2958, 0.9553, 0.0, 0, 0, 0, 1], [1.53, 1.0, 0.0, 0.0, 0.0, 0.0, 0.9547, -0.2976, 0.0, 0.0, 0.2976, 0.9547, 0.0, 0, 0, 0, 1], [1.54, 1.0, 0.0, 0.0, 0.0, 0.0, 0.9541, -0.2995, 0.0, 0.0, 0.2995, 0.9541, 0.0, 0, 0, 0, 1], [1.55, 1.0, 0.0, 0.0, 0.0, 0.0, 0.9535, -0.3014, 0.0, 0.0, 0.3014, 0.9535, 0.0, 0, 0, 0, 1], [1.56, 1.0, 0.0, 0.0, 0.0, 0.0, 0.9529, -0.3033, 0.0, 0.0, 0.3033, 0.9529, 0.0, 0, 0, 0, 1], [1.57, 1.0, 0.0, 0.0, 0.0, 0.0, 0.9523, -0.3051, 0.0, 0.0, 0.3051, 0.9523, 0.0, 0, 0, 0, 1], [1.58, 1.0, 0.0, 0.0, 0.0, 0.0, 0.9517, -0.307, 0.0, 0.0, 0.307, 0.9517, 0.0, 0, 0, 0, 1], [1.59, 1.0, 0.0, 0.0, 0.0, 0.0, 0.9511, -0.3089, 0.0, 0.0, 0.3089, 0.9511, 0.0, 0, 0, 0, 1], [1.6, 1.0, 0.0, 0.0, 0.0, 0.0, 0.9505, -0.3107, 0.0, 0.0, 0.3107, 0.9505, 0.0, 0, 0, 0, 1], [1.61, 1.0, 0.0, 0.0, 0.0, 0.0, 0.9499, -0.3126, 0.0, 0.0, 0.3126, 0.9499, 0.0, 0, 0, 0, 1], [1.62, 1.0, 0.0, 0.0, 0.0, 0.0, 0.9493, -0.3145, 0.0, 0.0, 0.3145, 0.9493, 0.0, 0, 0, 0, 1], [1.6300000000000001, 1.0, 0.0, 0.0, 0.0, 0.0, 0.9487, -0.3163, 0.0, 0.0, 0.3163, 0.9487, 0.0, 0, 0, 0, 1], [1.6400000000000001, 1.0, 0.0, 0.0, 0.0, 0.0, 0.948, -0.3182, 0.0, 0.0, 0.3182, 0.948, 0.0, 0, 0, 0, 1], [1.6500000000000001, 1.0, 0.0, 0.0, 0.0, 0.0, 0.9474, -0.32, 0.0, 0.0, 0.32, 0.9474, 0.0, 0, 0, 0, 1], [1.6600000000000001, 1.0, 0.0, 0.0, 0.0, 0.0, 0.9468, -0.3219, 0.0, 0.0, 0.3219, 0.9468, 0.0, 0, 0, 0, 1], [1.67, 1.0, 0.0, 0.0, 0.0, 0.0, 0.9461, -0.3238, 0.0, 0.0, 0.3238, 0.9461, 0.0, 0, 0, 0, 1], [1.68, 1.0, 0.0, 0.0, 0.0, 0.0, 0.9455, -0.3256, 0.0, 0.0, 0.3256, 0.9455, 0.0, 0, 0, 0, 1], [1.69, 1.0, 0.0, 0.0, 0.0, 0.0, 0.9449, -0.3275, 0.0, 0.0, 0.3275, 0.9449, 0.0, 0, 0, 0, 1], [1.7, 1.0, 0.0, 0.0, 0.0, 0.0, 0.9442, -0.3293, 0.0, 0.0, 0.3293, 0.9442, 0.0, 0, 0, 0, 1], [1.71, 1.0, 0.0, 0.0, 0.0, 0.0, 0.9436, -0.3312, 0.0, 0.0, 0.3312, 0.9436, 0.0, 0, 0, 0, 1], [1.72, 1.0, 0.0, 0.0, 0.0, 0.0, 0.9429, -0.333, 0.0, 0.0, 0.333, 0.9429, 0.0, 0, 0, 0, 1], [1.73, 1.0, 0.0, 0.0, 0.0, 0.0, 0.9423, -0.3349, 0.0, 0.0, 0.3349, 0.9423, 0.0, 0, 0, 0, 1], [1.74, 1.0, 0.0, 0.0, 0.0, 0.0, 0.9416, -0.3367, 0.0, 0.0, 0.3367, 0.9416, 0.0, 0, 0, 0, 1], [1.75, 1.0, 0.0, 0.0, 0.0, 0.0, 0.9409, -0.3386, 0.0, 0.0, 0.3386, 0.9409, 0.0, 0, 0, 0, 1], [1.76, 1.0, 0.0, 0.0, 0.0, 0.0, 0.9403, -0.3404, 0.0, 0.0, 0.3404, 0.9403, 0.0, 0, 0, 0, 1], [1.77, 1.0, 0.0, 0.0, 0.0, 0.0, 0.9396, -0.3423, 0.0, 0.0, 0.3423, 0.9396, 0.0, 0, 0, 0, 1], [1.78, 1.0, 0.0, 0.0, 0.0, 0.0, 0.9389, -0.3441, 0.0, 0.0, 0.3441, 0.9389, 0.0, 0, 0, 0, 1], [1.79, 1.0, 0.0, 0.0, 0.0, 0.0, 0.9383, -0.3459, 0.0, 0.0, 0.3459, 0.9383, 0.0, 0, 0, 0, 1], [1.8, 1.0, 0.0, 0.0, 0.0, 0.0, 0.9376, -0.3478, 0.0, 0.0, 0.3478, 0.9376, 0.0, 0, 0, 0, 1], [1.81, 1.0, 0.0, 0.0, 0.0, 0.0, 0.9369, -0.3496, 0.0, 0.0, 0.3496, 0.9369, 0.0, 0, 0, 0, 1], [1.82, 1.0, 0.0, 0.0, 0.0, 0.0, 0.9362, -0.3515, 0.0, 0.0, 0.3515, 0.9362, 0.0, 0, 0, 0, 1], [1.83, 1.0, 0.0, 0.0, 0.0, 0.0, 0.9355, -0.3533, 0.0, 0.0, 0.3533, 0.9355, 0.0, 0, 0, 0, 1], [1.84, 1.0, 0.0, 0.0, 0.0, 0.0, 0.9348, -0.3551, 0.0, 0.0, 0.3551, 0.9348, 0.0, 0, 0, 0, 1], [1.85, 1.0, 0.0, 0.0, 0.0, 0.0, 0.9341, -0.357, 0.0, 0.0, 0.357, 0.9341, 0.0, 0, 0, 0, 1], [1.86, 1.0, 0.0, 0.0, 0.0, 0.0, 0.9334, -0.3588, 0.0, 0.0, 0.3588, 0.9334, 0.0, 0, 0, 0, 1], [1.87, 1.0, 0.0, 0.0, 0.0, 0.0, 0.9327, -0.3606, 0.0, 0.0, 0.3606, 0.9327, 0.0, 0, 0, 0, 1], [1.8800000000000001, 1.0, 0.0, 0.0, 0.0, 0.0, 0.932, -0.3625, 0.0, 0.0, 0.3625, 0.932, 0.0, 0, 0, 0, 1], [1.8900000000000001, 1.0, 0.0, 0.0, 0.0, 0.0, 0.9313, -0.3643, 0.0, 0.0, 0.3643, 0.9313, 0.0, 0, 0, 0, 1], [1.9000000000000001, 1.0, 0.0, 0.0, 0.0, 0.0, 0.9306, -0.3661, 0.0, 0.0, 0.3661, 0.9306, 0.0, 0, 0, 0, 1], [1.9100000000000001, 1.0, 0.0, 0.0, 0.0, 0.0, 0.9298, -0.3679, 0.0, 0.0, 0.3679, 0.9298, 0.0, 0, 0, 0, 1], [1.92, 1.0, 0.0, 0.0, 0.0, 0.0, 0.9291, -0.3698, 0.0, 0.0, 0.3698, 0.9291, 0.0, 0, 0, 0, 1], [1.93, 1.0, 0.0, 0.0, 0.0, 0.0, 0.9284, -0.3716, 0.0, 0.0, 0.3716, 0.9284, 0.0, 0, 0, 0, 1], [1.94, 1.0, 0.0, 0.0, 0.0, 0.0, 0.9277, -0.3734, 0.0, 0.0, 0.3734, 0.9277, 0.0, 0, 0, 0, 1], [1.95, 1.0, 0.0, 0.0, 0.0, 0.0, 0.9269, -0.3752, 0.0, 0.0, 0.3752, 0.9269, 0.0, 0, 0, 0, 1], [1.96, 1.0, 0.0, 0.0, 0.0, 0.0, 0.9262, -0.3771, 0.0, 0.0, 0.3771, 0.9262, 0.0, 0, 0, 0, 1], [1.97, 1.0, 0.0, 0.0, 0.0, 0.0, 0.9254, -0.3789, 0.0, 0.0, 0.3789, 0.9254, 0.0, 0, 0, 0, 1], [1.98, 1.0, 0.0, 0.0, 0.0, 0.0, 0.9247, -0.3807, 0.0, 0.0, 0.3807, 0.9247, 0.0, 0, 0, 0, 1], [1.99, 1.0, 0.0, 0.0, 0.0, 0.0, 0.924, -0.3825, 0.0, 0.0, 0.3825, 0.924, 0.0, 0, 0, 0, 1], [2.0, 1.0, 0.0, 0.0, 0.0, 0.0, 0.9232, -0.3843, 0.0, 0.0, 0.3843, 0.9232, 0.0, 0, 0, 0, 1], [2.0100000000000002, 1.0, 0.0, 0.0, 0.0, 0.0, 0.9224, -0.3861, 0.0, 0.0, 0.3861, 0.9224, 0.0, 0, 0, 0, 1], [2.02, 1.0, 0.0, 0.0, 0.0, 0.0, 0.9217, -0.3879, 0.0, 0.0, 0.3879, 0.9217, 0.0, 0, 0, 0, 1], [2.0300000000000002, 1.0, 0.0, 0.0, 0.0, 0.0, 0.9209, -0.3897, 0.0, 0.0, 0.3897, 0.9209, 0.0, 0, 0, 0, 1], [2.04, 1.0, 0.0, 0.0, 0.0, 0.0, 0.9202, -0.3915, 0.0, 0.0, 0.3915, 0.9202, 0.0, 0, 0, 0, 1], [2.05, 1.0, 0.0, 0.0, 0.0, 0.0, 0.9194, -0.3934, 0.0, 0.0, 0.3934, 0.9194, 0.0, 0, 0, 0, 1], [2.06, 1.0, 0.0, 0.0, 0.0, 0.0, 0.9186, -0.3952, 0.0, 0.0, 0.3952, 0.9186, 0.0, 0, 0, 0, 1], [2.07, 1.0, 0.0, 0.0, 0.0, 0.0, 0.9178, -0.397, 0.0, 0.0, 0.397, 0.9178, 0.0, 0, 0, 0, 1], [2.08, 1.0, 0.0, 0.0, 0.0, 0.0, 0.9171, -0.3988, 0.0, 0.0, 0.3988, 0.9171, 0.0, 0, 0, 0, 1], [2.09, 1.0, 0.0, 0.0, 0.0, 0.0, 0.9163, -0.4006, 0.0, 0.0, 0.4006, 0.9163, 0.0, 0, 0, 0, 1], [2.1, 1.0, 0.0, 0.0, 0.0, 0.0, 0.9155, -0.4024, 0.0, 0.0, 0.4024, 0.9155, 0.0, 0, 0, 0, 1], [2.11, 1.0, 0.0, 0.0, 0.0, 0.0, 0.9147, -0.4042, 0.0, 0.0, 0.4042, 0.9147, 0.0, 0, 0, 0, 1], [2.12, 1.0, 0.0, 0.0, 0.0, 0.0, 0.9139, -0.4059, 0.0, 0.0, 0.4059, 0.9139, 0.0, 0, 0, 0, 1], [2.13, 1.0, 0.0, 0.0, 0.0, 0.0, 0.9131, -0.4077, 0.0, 0.0, 0.4077, 0.9131, 0.0, 0, 0, 0, 1], [2.14, 1.0, 0.0, 0.0, 0.0, 0.0, 0.9123, -0.4095, 0.0, 0.0, 0.4095, 0.9123, 0.0, 0, 0, 0, 1], [2.15, 1.0, 0.0, 0.0, 0.0, 0.0, 0.9115, -0.4113, 0.0, 0.0, 0.4113, 0.9115, 0.0, 0, 0, 0, 1], [2.16, 1.0, 0.0, 0.0, 0.0, 0.0, 0.9107, -0.4131, 0.0, 0.0, 0.4131, 0.9107, 0.0, 0, 0, 0, 1], [2.17, 1.0, 0.0, 0.0, 0.0, 0.0, 0.9099, -0.4149, 0.0, 0.0, 0.4149, 0.9099, 0.0, 0, 0, 0, 1], [2.18, 1.0, 0.0, 0.0, 0.0, 0.0, 0.9091, -0.4167, 0.0, 0.0, 0.4167, 0.9091, 0.0, 0, 0, 0, 1], [2.19, 1.0, 0.0, 0.0, 0.0, 0.0, 0.9082, -0.4185, 0.0, 0.0, 0.4185, 0.9082, 0.0, 0, 0, 0, 1], [2.2, 1.0, 0.0, 0.0, 0.0, 0.0, 0.9074, -0.4202, 0.0, 0.0, 0.4202, 0.9074, 0.0, 0, 0, 0, 1], [2.21, 1.0, 0.0, 0.0, 0.0, 0.0, 0.9066, -0.422, 0.0, 0.0, 0.422, 0.9066, 0.0, 0, 0, 0, 1], [2.22, 1.0, 0.0, 0.0, 0.0, 0.0, 0.9058, -0.4238, 0.0, 0.0, 0.4238, 0.9058, 0.0, 0, 0, 0, 1], [2.23, 1.0, 0.0, 0.0, 0.0, 0.0, 0.9049, -0.4256, 0.0, 0.0, 0.4256, 0.9049, 0.0, 0, 0, 0, 1], [2.24, 1.0, 0.0, 0.0, 0.0, 0.0, 0.9041, -0.4274, 0.0, 0.0, 0.4274, 0.9041, 0.0, 0, 0, 0, 1], [2.25, 1.0, 0.0, 0.0, 0.0, 0.0, 0.9032, -0.4291, 0.0, 0.0, 0.4291, 0.9032, 0.0, 0, 0, 0, 1], [2.2600000000000002, 1.0, 0.0, 0.0, 0.0, 0.0, 0.9024, -0.4309, 0.0, 0.0, 0.4309, 0.9024, 0.0, 0, 0, 0, 1], [2.27, 1.0, 0.0, 0.0, 0.0, 0.0, 0.9016, -0.4327, 0.0, 0.0, 0.4327, 0.9016, 0.0, 0, 0, 0, 1], [2.2800000000000002, 1.0, 0.0, 0.0, 0.0, 0.0, 0.9007, -0.4344, 0.0, 0.0, 0.4344, 0.9007, 0.0, 0, 0, 0, 1], [2.29, 1.0, 0.0, 0.0, 0.0, 0.0, 0.8998, -0.4362, 0.0, 0.0, 0.4362, 0.8998, 0.0, 0, 0, 0, 1], [2.3000000000000003, 1.0, 0.0, 0.0, 0.0, 0.0, 0.899, -0.438, 0.0, 0.0, 0.438, 0.899, 0.0, 0, 0, 0, 1], [2.31, 1.0, 0.0, 0.0, 0.0, 0.0, 0.8981, -0.4397, 0.0, 0.0, 0.4397, 0.8981, 0.0, 0, 0, 0, 1], [2.32, 1.0, 0.0, 0.0, 0.0, 0.0, 0.8973, -0.4415, 0.0, 0.0, 0.4415, 0.8973, 0.0, 0, 0, 0, 1], [2.33, 1.0, 0.0, 0.0, 0.0, 0.0, 0.8964, -0.4433, 0.0, 0.0, 0.4433, 0.8964, 0.0, 0, 0, 0, 1], [2.34, 1.0, 0.0, 0.0, 0.0, 0.0, 0.8955, -0.445, 0.0, 0.0, 0.445, 0.8955, 0.0, 0, 0, 0, 1], [2.35, 1.0, 0.0, 0.0, 0.0, 0.0, 0.8946, -0.4468, 0.0, 0.0, 0.4468, 0.8946, 0.0, 0, 0, 0, 1], [2.36, 1.0, 0.0, 0.0, 0.0, 0.0, 0.8938, -0.4485, 0.0, 0.0, 0.4485, 0.8938, 0.0, 0, 0, 0, 1], [2