<html>
<style>
.controller:hover{opacity:1 !important;}
</style>
<body>
<div id='canvas_container_1650198957123568' style='width:500px;height:500px;position:relative'>
<div id='loading_screen_1650198957123568' style='width:500px;height:500px;position:relative; background-color: #191919;text-align:center;align-items:center;display:flex;justify-content:center'> 
 <img src='https://raw.githubusercontent.com/viniciusmgn/uaibot_content/master/contents/SVG/logo_uai_bot.svg' style='width:200px;height:114px'/>
 </div>
<script id='MathJax-script' async src='https://cdn.jsdelivr.net/npm/mathjax@3.0.1/es5/tex-mml-chtml.js'></script>
<canvas id='scene_1650198957123568' width='500px' height='500px'></canvas>
<div id='genHTMLDiv'></div>
 <!-- USER DIVS GO HERE --><div class = 'controller' style='width:500px;height:30px;'></div>
</div>

 <script type="module">
import { Object3D, Vector3, BoxBufferGeometry, Color, Mesh, MeshBasicMaterial, PerspectiveCamera, OrthographicCamera,
Scene, WebGLRenderer, AmbientLight, DirectionalLight, HemisphereLight, MeshStandardMaterial,
AxesHelper, GridHelper, Matrix4, SphereBufferGeometry, CylinderBufferGeometry, Group, LoadingManager, MeshPhysicalMaterial, Vector2, FrontSide,
	BackSide, DoubleSide, PMREMGenerator, TextureLoader, PointLight, UVMapping, CubeReflectionMapping, CubeRefractionMapping,
	EquirectangularReflectionMapping, EquirectangularRefractionMapping, CubeUVReflectionMapping,
	CubeUVRefractionMapping, RepeatWrapping, ClampToEdgeWrapping, MirroredRepeatWrapping,
	NearestFilter, LinearFilter, NearestMipmapNearestFilter, NearestMipmapLinearFilter, LinearMipmapNearestFilter,
	LinearMipmapLinearFilter, BufferGeometry, Float32BufferAttribute, PointsMaterial, Points, ArrowHelper, TextGeometry, CubeTextureLoader,sRGBEncoding
} from 'https://cdn.skypack.dev/three@0.135.0/build/three.module.js';
import { OrbitControls } from 'https://cdn.skypack.dev/three@0.135.0/examples/jsm/controls/OrbitControls.js';
import {OBJLoader} from 'https://cdn.skypack.dev/three@0.135.0/examples/jsm/loaders/OBJLoader.js';
import {STLLoader} from 'https://cdn.skypack.dev/three@0.135.0/examples/jsm/loaders/STLLoader.js';
import {ColladaLoader} from 'https://cdn.skypack.dev/three@0.135.0/examples/jsm/loaders/ColladaLoader.js';
import {GUI} from 'https://cdn.skypack.dev/dat.gui';


//0.126.1 0.137.5
import { RoomEnvironment } from 'https://unpkg.com/three@0.126.1/examples/jsm/environments/RoomEnvironment.js';

//--------------------SIMULATION ELEMENTS---------------------

const delay = 500; 
 const maxTime = 29.990000000000002; 
 const cameraType= 'orthographic'; 
 const sceneID= '1650198957123568'; 
 const showWorldFrame=true; 
 const showGrid=true; 
 const backgroundColor='#191919'; 
 const ambientLightIntensity = 12;
 const ldrUrls = [];
 const cameraStartPose = [1.3, 1.8, 2.7, -0.58, 0.38, 2.63, 4.0];
 //SIMULATION PARAMETERS GO HERE

function elapsedMs()
{
	return (new Date()).getTime();
}


class Objsim{
	constructor(_frames){
		this.frames = _frames;
		this.currentFrame = 0;
		this.shape = "I HAVE NO SHAPE YET";
	}

	hasLoaded()
	{
		return true;
	}

	nextFrame(){
		while( (this.currentFrame < this.frames.length-1) && ( 1000 * this.frames[this.currentFrame+1][0] + delay < (elapsedMs() - startMs)) )
		{
			this.currentFrame += 1;
		}
	}
	setFrameTime(time)
	{
		this.currentFrame = 0;
		while( (this.currentFrame < this.frames.length-1) && ( this.frames[this.currentFrame+1][0] < time) )
		{
			this.currentFrame += 1;
		}
	}
	showFrame(){
		this.shape.matrix.set( this.frames[this.currentFrame][ 1],this.frames[this.currentFrame][ 2],this.frames[this.currentFrame][ 3],this.frames[this.currentFrame][ 4],
							   this.frames[this.currentFrame][ 5],this.frames[this.currentFrame][ 6],this.frames[this.currentFrame][ 7],this.frames[this.currentFrame][ 8],
							   this.frames[this.currentFrame][ 9],this.frames[this.currentFrame][10],this.frames[this.currentFrame][11],this.frames[this.currentFrame][12],
							   this.frames[this.currentFrame][13],this.frames[this.currentFrame][14],this.frames[this.currentFrame][15],this.frames[this.currentFrame][16]);


	}
	setEnvMap(envMap)
	{
		this.shape.material.envMap = envMap;
		this.shape.material.needsUpdate = true;
	}
}

class Box extends Objsim{
	constructor(_width, _height, _depth, _frames, _material){
		super(_frames);
		this.width = _width;
		this.height = _height;
		this.depth = _depth;
		const geometry = new BoxBufferGeometry( this.width, this.height, this.depth);
		const cube = new Mesh( geometry, _material );
		cube.matrixAutoUpdate = false;
		this.shape = cube;
	}
}

class Ball extends Objsim{
	constructor(_radius, _frames, _material){
		super(_frames);
		this.radius = _radius;
		const geometry = new SphereBufferGeometry( this.radius, 64, 32);
		const sphere = new Mesh( geometry, _material);
		sphere.matrixAutoUpdate = false;
		this.shape = sphere;
	}
}

class Cylinder extends Objsim{
	constructor(_radius, _height, _frames, _material){
		super(_frames);
		this.radius = _radius;
		this.height = _height;
		const geometry = new CylinderBufferGeometry( this.radius, this.radius, this.height, 20 );
		const cylinder = new Mesh( geometry, _material);
		cylinder.matrixAutoUpdate = false;
		this.shape = cylinder;
	}
}

class PointCloud extends Objsim{

	constructor(_points, _frames, _color, _size) {
		super(_frames);

		this.color = _color;
		this.points = _points
		this.size = _size;

		const vertices = []
		const geometry = new BufferGeometry();
		geometry.setAttribute('position', new Float32BufferAttribute(vertices, 3));
		const material = new PointsMaterial({color: this.color, size: this.size});
		this.shape  = new Points(geometry, material);
	}

	showFrame(){
		const vertices = [];

		for (let i = this.frames[this.currentFrame][1]; i < this.frames[this.currentFrame][2]; i++) {
			vertices.push(this.points[0][i], this.points[1][i], this.points[2][i]);
		}

		this.shape.geometry.setAttribute('position', new Float32BufferAttribute(vertices, 3));

	}

	setEnvMap(envMap) {}

}

class RigidObject extends Objsim
{

	constructor(_frames, _list_3dobject) {
		super(_frames);

		this.shape = new Group();
		this.shape.matrixAutoUpdate = false;

		const manager = new LoadingManager();

		let loader;

		for (let i = 0; i < _list_3dobject.length; i++) {
			const _3dobject = _list_3dobject[i];
			if (_3dobject.type === 'obj') {
				loader = new OBJLoader(manager);
				loader.load(_3dobject.url, (root) => {

					root.scale.set(_3dobject.scale, _3dobject.scale, _3dobject.scale);
					root.applyMatrix4(_3dobject.matrix)

					root.traverse(function (child) {
						if (child instanceof Mesh) {
							child.material = _3dobject.mesh_material;
						}
					});

					this.shape.add(root);
				});
			}
			if (_3dobject.type === 'stl') {
				loader = new STLLoader(manager);
				loader.load(_3dobject.url, (root) => {
					const mesh = new Mesh(root);

					mesh.scale.set(_3dobject.scale, _3dobject.scale, _3dobject.scale);
					mesh.applyMatrix4(_3dobject.matrix)

					mesh.traverse(function (child) {
						if (child instanceof Mesh) {
							child.material = _3dobject.mesh_material;
						}
					});

					this.shape.add(mesh);
				});
			}
			if (_3dobject.type === 'dae') {
				loader = new ColladaLoader(manager);
				loader.load(_3dobject.url, (root) => {
					const group = root.scene;

					group.scale.set(_3dobject.scale, _3dobject.scale, _3dobject.scale);
					group.applyMatrix4(_3dobject.matrix)

					group.traverse(function (child) {
						if (child instanceof Mesh) {
							child.material = _3dobject.mesh_material;
						}
					});

					this.shape.add(group);
				});
			}
		}

	}
}

class Vector extends Objsim {


	constructor(_frames, _color, _thickness, _origin, _dir, _length) {
		super(_frames);

		this.color = _color;
		this.thickness = _thickness
		this.origin = new Vector3(_origin[0], _origin[1], _origin[2]);
		this.dir =  new Vector3(_dir[0], _dir[1], _dir[2]);
		this._length = length

		this.shape = new ArrowHelper( this.dir, this.origin, this.length, this.color );
		this.shape.line.material.linewidth = this.thickness;

	}

	showFrame() {
		this.shape.setLength(this.frames[this.currentFrame][3]);
		const dir = this.frames[this.currentFrame][2];
		const origin = this.frames[this.currentFrame][1];

		this.shape.setDirection(new Vector3(dir[0], dir[1], dir[2]));
		this.shape.position.set(origin[0], origin[1], origin[2]);
	}
	setEnvMap(envMap) {}
}

class PointLightSim extends Objsim {


	constructor(_frames) {
		super(_frames);
		this.shape = new PointLight(this.frames[0][1],this.frames[0][2],this.frames[0][3]);
		this.shape.position.set(this.frames[0][4][0],this.frames[0][4][1],this.frames[0][4][2]);
	}

	showFrame() {
		this.shape.color.set(this.frames[this.currentFrame][1]);
		this.shape.intensity = this.frames[this.currentFrame][2];
		this.shape.distance = this.frames[this.currentFrame][3];
		this.shape.position.set(this.frames[this.currentFrame][4][0],this.frames[this.currentFrame][4][1],this.frames[this.currentFrame][4][2]);
	}
	setEnvMap(envMap) {}
}

class HTMLDiv extends Objsim{

	constructor(_id, _frames){
		super(_frames);
		this.id = _id;
		this.shape = undefined;
	}

	showFrame() {
		var element = document.getElementById(this.id);

		element.innerHTML = this.frames[this.currentFrame][1];
		element.style.position = "absolute";
		element.style = this.frames[this.currentFrame][2];
	}
	setEnvMap(envMap) {}
}

class Robot extends Objsim{

	constructor(_objBase, _link, _frames, _htm_base_0, _eef_frame_visible){
		super(_frames);

		this.loadedObjs = 0
		this.links = _link;

		this.totalNumberOfObjects = _objBase.length;

		for(let i=0; i<this.links.length; i++)
		{
			this.totalNumberOfObjects+= this.links[i].model3d.length;
		}

		this.htm_base_0 = _htm_base_0;

		//Function that creates a generic robot
		const base = new Group();
		base.name = "base";

		const baseFrame = new Group();
		baseFrame.name = "baseFrame";
		baseFrame.applyMatrix4(this.htm_base_0);


		//Create link groups
		let linkGroupList = [];

		for (let i = 0; i <= this.links.length; i++) {

			var linkGroup = new Group();
			linkGroup.name = "linkFrame" + i.toString();
			linkGroupList.push(linkGroup);

			linkGroup = new Group();
			linkGroup.name = "link" + i.toString();
			var axesHelper = new AxesHelper(0.2);
			axesHelper.matrixAutoUpdate = false;
			axesHelper.visible = true;
			linkGroup.add(axesHelper)

			if (i < this.links.length) {
				linkGroup.rotateZ(this.links[i].theta);
				linkGroup.translateZ(this.links[i].d);
				linkGroup.rotateX(this.links[i].alpha);
				linkGroup.translateX(this.links[i].a);
			}

			linkGroup.updateMatrix();

			linkGroupList.push(linkGroup);
		}


		base.add(baseFrame)
		baseFrame.add(linkGroupList[0])

		for (let i = 0; i < linkGroupList.length-1; i++) {
			linkGroupList[i].add(linkGroupList[i + 1])
		}

		//Load 3D models

		this.shape = base;
		this.shape.matrixAutoUpdate = false;

		this.loadObj(_objBase,"base", "base", false)
		for (let i = 0; i < this.links.length-1; i++) {
			this.loadObj(this.links[i].model3d,"link" + (i+1).toString(), "link" + (i).toString(), this.links[i].showFrame)
		}
		this.loadObj(this.links[this.links.length-1].model3d,"link" + (this.links.length).toString(), "link" + (this.links.length).toString(), _eef_frame_visible)

		this.delta_config = []

		for (let i = 0; i < this.links.length; i++) {
			if(this.links[i].jointType == 0)
			{
				this.delta_config.push(this.shape.getObjectByName("link" + (i).toString()).rotation.z)
			}
			if(this.links[i].jointType == 1)
			{
				this.delta_config.push(this.shape.getObjectByName("link" + (i).toString()).position.z)

			}
		}

	}

	loadObj(obj, name1, name2, axisVisible) {

		const manager = new LoadingManager();
		const objLoader = new OBJLoader(manager);
		const stlLoader = new STLLoader(manager);
		const colladaLoader = new ColladaLoader(manager);

		for (let i = 0; i < obj.length; i++) {


			if (obj[i].type == "obj") {
				objLoader.load(obj[i].url, (root) => {
					root.scale.set(obj[i].scale, obj[i].scale, obj[i].scale);
					root.applyMatrix4(obj[i].matrix)

					root.traverse(function (child) {
						if (child instanceof Mesh) {
							child.material = obj[i].mesh_material;
						}
					});

					this.shape.getObjectByName(name2).add(root);
					this.loadedObjs += 1
				});
			}
			if (obj[i].type == "stl") {
				stlLoader.load(obj[i].url, (root) => {
					const mesh = new Mesh(root);
					mesh.scale.set(obj[i].scale, obj[i].scale, obj[i].scale);
					mesh.applyMatrix4(obj[i].matrix)

					mesh.traverse(function (child) {
						if (child instanceof Mesh) {
							child.material = obj[i].mesh_material;
						}
					});

					this.shape.getObjectByName(name2).add(mesh);
					this.loadedObjs += 1
				});
			}
			if (obj[i].type == "dae") {
				colladaLoader.load(obj[i].url, (root) => {
					const group = root.scene;
					group.scale.set(obj[i].scale, obj[i].scale, obj[i].scale);
					group.applyMatrix4(obj[i].matrix)

					group.traverse(function (child) {
						if (child instanceof Mesh) {
							child.material = obj[i].mesh_material;
						}
					});

					this.shape.getObjectByName(name2).add(group);
					this.loadedObjs += 1
				});
			}

		}

		this.shape.getObjectByName(name1).getObjectByProperty("type", "AxesHelper").visible = axisVisible;
	}

	hasLoaded()
	{
		return this.loadedObjs == this.totalNumberOfObjects;
	}

	//Function that updates frames
	showFrame(){
		//setting robot position
		this.shape.matrix.set( this.frames[this.currentFrame][ 1],this.frames[this.currentFrame][ 2],this.frames[this.currentFrame][ 3],this.frames[this.currentFrame][ 4],
							   this.frames[this.currentFrame][ 5],this.frames[this.currentFrame][ 6],this.frames[this.currentFrame][ 7],this.frames[this.currentFrame][ 8],
							   this.frames[this.currentFrame][ 9],this.frames[this.currentFrame][10],this.frames[this.currentFrame][11],this.frames[this.currentFrame][12],
							   this.frames[this.currentFrame][13],this.frames[this.currentFrame][14],this.frames[this.currentFrame][15],this.frames[this.currentFrame][16]);
		//setting robot configuration

		if(this.frames[this.currentFrame][17] != undefined){

			for(let i = 0; i < this.links.length; i++){
				const linkName = "linkFrame" + (i).toString();

				if(this.links[i].jointType == 0){
					this.shape.getObjectByName(linkName).rotation.z = this.frames[this.currentFrame][17][i] + this.delta_config[i];
				}else if (this.links[i].jointType == 1){
					this.shape.getObjectByName(linkName).position.z = this.frames[this.currentFrame][17][i] + this.delta_config[i];
				}

			}
		}
	}

	setEnvMapTemp(variable, envMap)
	{
		if(variable instanceof Mesh)
		{
			variable.material.envMap = envMap;
			variable.material.needsUpdate  = true;
		}
		else if (variable instanceof Group)
		{
			for(let i=0; i < variable.children.length; i++)
			{
				this.setEnvMapTemp(variable.children[i]);
			}
		}
	}
	setEnvMap(envMap) {
		this.setEnvMapTemp(this.shape, envMap);
	}
}

//------------------------------------------------------------

//--------------- BASIC ELEMENTS OF ANY SCENE ----------------

Object3D.DefaultUp = new Vector3(0,0,1); //Pointing Z axis up
const canvas = document.getElementById('scene_'+sceneID);// Selecting canvas

const scene = new Scene();//Instantiate the Scene
scene.background = new Color(backgroundColor);//Set background color

let camera;

if (cameraType == "perspective") {
	camera = new PerspectiveCamera(60, canvas.clientWidth / canvas.clientHeight, 0.1, 100);//Instantiate a camera
}
if (cameraType == "orthographic") {
	camera = new OrthographicCamera(-3.2, 3.2, 2.4, -2.4, 0.01, 100);
}



var ambientLight = new HemisphereLight('white','darkslategrey', 3);//Instantiate Ambient light
ambientLight.intensity = ambientLightIntensity;
scene.add(ambientLight);

const controls = new OrbitControls(camera, canvas);	//Instantiate orbit controls
//controls.target.set(0, 0, 0);//Point camera at the origin

camera.position.set(cameraStartPose[0], cameraStartPose[1], cameraStartPose[2]);
camera.rotation.set(cameraStartPose[3], cameraStartPose[4], cameraStartPose[5]);
camera.zoom = cameraStartPose[6];
camera.updateProjectionMatrix();

const renderer = new WebGLRenderer({canvas, antialias: true});//Instantiate renderer
renderer.physicallyCorrectLights = true;//Enable physically Correct Lights
renderer.setSize(canvas.clientWidth, canvas.clientHeight);//Set render size
renderer.setPixelRatio(window.devicePixelRatio);//Set pixel ratio

let sceneElements = [];

if (showWorldFrame) {
	const axesHelper = new AxesHelper(0.5);
	axesHelper.renderOrder = 1;
	scene.add(axesHelper);
}

if (showGrid) {
	const gridHelper = new GridHelper(3, 6);
	scene.add(gridHelper);
	gridHelper.rotation.x = 3.14 / 2;
}





//------------------------------------------------------------

//--------------- ADDING ELEMENTS TO THIS SCENE ---------------

//BEGIN DECLARATION OF THE BOX 'genBox'

const texture_map_genBox = new TextureLoader().load('https://raw.githubusercontent.com/viniciusmgn/uaibot_content/master/contents/Textures/gold_metal.png');
texture_map_genBox.wrapS = RepeatWrapping;
texture_map_genBox.wrapT = RepeatWrapping;
texture_map_genBox.magFilter = LinearFilter;
texture_map_genBox.minFilter = LinearMipmapLinearFilter;
texture_map_genBox.rotation = 0;
texture_map_genBox.offset.set(0,0);
texture_map_genBox.repeat.set(1,1);
texture_map_genBox.center.set(0,0);

const material_genBox = new MeshPhysicalMaterial({
opacity: 0.8,
transparent: true,
aoMapIntensity: 1,
bumpScale: 1,
color: "white",
emissive: "black",
emissiveIntensity: 1,
envMapIntensity: 1,
flatShading: false,
lightMapIntensity: 1,
map: texture_map_genBox,
metalness: 1,
normalScale: new Vector2(1,1),
refractionRatio: 0.98,
roughness: 1,
clearcoat: 0,
clearcoatNormalScale: new Vector2(1,1),
clearcoatRoughness: 0,
ior: 1.5,
reflectivity: 0.5,
sheen: 0,
sheenRoughness: 1,
sheenColor: "white",
specularIntensity: 0,
specularColor: "white",
transmission: 0,
});


const var_genBox = new Box(0.4,0.5,0.4,[[0, 1.0, 0.0, -0.0, 0.0, 0.0, 0.0, -1.0, 0.0, 0.0, 1.0, -0.0, 0.0, 0, 0, 0, 1], [0.0, 1.0, 0.0, -0.0, 0.0, 0.0, 0.0, -1.0, 0.0, 0.0, 1.0, -0.0, 0.6, 0, 0, 0, 1], [0.01, 0.9998, 0.0, 0.02, 0.0, 0.02, 0.0, -0.9998, 0.0, 0.0, 1.0, -0.0, 0.6, 0, 0, 0, 1], [0.02, 0.9992, 0.0, 0.04, 0.0, 0.04, 0.0, -0.9992, 0.0, 0.0, 1.0, -0.0, 0.6, 0, 0, 0, 1], [0.03, 0.9982, 0.0, 0.06, 0.0, 0.06, 0.0, -0.9982, 0.0, 0.0, 1.0, -0.0, 0.6, 0, 0, 0, 1], [0.04, 0.9968, 0.0, 0.0799, 0.0, 0.0799, 0.0, -0.9968, 0.0, 0.0, 1.0, -0.0, 0.6, 0, 0, 0, 1], [0.05, 0.995, 0.0, 0.0998, 0.0, 0.0998, 0.0, -0.995, 0.0, 0.0, 1.0, -0.0, 0.6, 0, 0, 0, 1], [0.06, 0.9928, 0.0, 0.1197, 0.0, 0.1197, 0.0, -0.9928, 0.0, 0.0, 1.0, -0.0, 0.6, 0, 0, 0, 1], [0.07, 0.9902, 0.0, 0.1395, 0.0, 0.1395, 0.0, -0.9902, 0.0, 0.0, 1.0, -0.0, 0.6, 0, 0, 0, 1], [0.08, 0.9872, 0.0, 0.1593, 0.0, 0.1593, 0.0, -0.9872, 0.0, 0.0, 1.0, -0.0, 0.6, 0, 0, 0, 1], [0.09, 0.9838, 0.0, 0.179, 0.0, 0.179, 0.0, -0.9838, 0.0, 0.0, 1.0, -0.0, 0.6, 0, 0, 0, 1], [0.1, 0.9801, 0.0, 0.1987, 0.0, 0.1987, 0.0, -0.9801, 0.0, 0.0, 1.0, -0.0, 0.6, 0, 0, 0, 1], [0.11, 0.9759, 0.0, 0.2182, 0.0, 0.2182, 0.0, -0.9759, 0.0, 0.0, 1.0, -0.0, 0.6, 0, 0, 0, 1], [0.12, 0.9713, 0.0, 0.2377, 0.0, 0.2377, 0.0, -0.9713, 0.0, 0.0, 1.0, -0.0, 0.6, 0, 0, 0, 1], [0.13, 0.9664, 0.0, 0.2571, 0.0, 0.2571, 0.0, -0.9664, 0.0, 0.0, 1.0, -0.0, 0.6, 0, 0, 0, 1], [0.14, 0.9611, 0.0, 0.2764, 0.0, 0.2764, 0.0, -0.9611, 0.0, 0.0, 1.0, -0.0, 0.6, 0, 0, 0, 1], [0.15, 0.9553, 0.0, 0.2955, 0.0, 0.2955, 0.0, -0.9553, 0.0, 0.0, 1.0, -0.0, 0.6, 0, 0, 0, 1], [0.16, 0.9492, 0.0, 0.3146, 0.0, 0.3146, 0.0, -0.9492, 0.0, 0.0, 1.0, -0.0, 0.6, 0, 0, 0, 1], [0.17, 0.9428, 0.0, 0.3335, 0.0, 0.3335, 0.0, -0.9428, 0.0, 0.0, 1.0, -0.0, 0.6, 0, 0, 0, 1], [0.18, 0.9359, 0.0, 0.3523, 0.0, 0.3523, 0.0, -0.9359, 0.0, 0.0, 1.0, -0.0, 0.6, 0, 0, 0, 1], [0.19, 0.9287, 0.0, 0.3709, 0.0, 0.3709, 0.0, -0.9287, 0.0, 0.0, 1.0, -0.0, 0.6, 0, 0, 0, 1], [0.2, 0.9211, 0.0, 0.3894, 0.0, 0.3894, 0.0, -0.9211, 0.0, 0.0, 1.0, -0.0, 0.6, 0, 0, 0, 1], [0.21, 0.9131, 0.0, 0.4078, 0.0, 0.4078, 0.0, -0.9131, 0.0, 0.0, 1.0, -0.0, 0.6, 0, 0, 0, 1], [0.22, 0.9048, 0.0, 0.4259, 0.0, 0.4259, 0.0, -0.9048, 0.0, 0.0, 1.0, -0.0, 0.6, 0, 0, 0, 1], [0.23, 0.8961, 0.0, 0.4439, 0.0, 0.4439, 0.0, -0.8961, 0.0, 0.0, 1.0, -0.0, 0.6, 0, 0, 0, 1], [0.24, 0.887, 0.0, 0.4618, 0.0, 0.4618, 0.0, -0.887, 0.0, 0.0, 1.0, -0.0, 0.6, 0, 0, 0, 1], [0.25, 0.8776, 0.0, 0.4794, 0.0, 0.4794, 0.0, -0.8776, 0.0, 0.0, 1.0, -0.0, 0.6, 0, 0, 0, 1], [0.26, 0.8678, 0.0, 0.4969, 0.0, 0.4969, 0.0, -0.8678, 0.0, 0.0, 1.0, -0.0, 0.6, 0, 0, 0, 1], [0.27, 0.8577, 0.0, 0.5141, 0.0, 0.5141, 0.0, -0.8577, 0.0, 0.0, 1.0, -0.0, 0.6, 0, 0, 0, 1], [0.28, 0.8473, 0.0, 0.5312, 0.0, 0.5312, 0.0, -0.8473, 0.0, 0.0, 1.0, -0.0, 0.6, 0, 0, 0, 1], [0.29, 0.8365, 0.0, 0.548, 0.0, 0.548, 0.0, -0.8365, 0.0, 0.0, 1.0, -0.0, 0.6, 0, 0, 0, 1], [0.3, 0.8253, 0.0, 0.5646, 0.0, 0.5646, 0.0, -0.8253, 0.0, 0.0, 1.0, -0.0, 0.6, 0, 0, 0, 1], [0.31, 0.8139, 0.0, 0.581, 0.0, 0.581, 0.0, -0.8139, 0.0, 0.0, 1.0, -0.0, 0.6, 0, 0, 0, 1], [0.32, 0.8021, 0.0, 0.5972, 0.0, 0.5972, 0.0, -0.8021, 0.0, 0.0, 1.0, -0.0, 0.6, 0, 0, 0, 1], [0.33, 0.79, 0.0, 0.6131, 0.0, 0.6131, 0.0, -0.79, 0.0, 0.0, 1.0, -0.0, 0.6, 0, 0, 0, 1], [0.34, 0.7776, 0.0, 0.6288, 0.0, 0.6288, 0.0, -0.7776, 0.0, 0.0, 1.0, -0.0, 0.6, 0, 0, 0, 1], [0.35000000000000003, 0.7648, 0.0, 0.6442, 0.0, 0.6442, 0.0, -0.7648, 0.0, 0.0, 1.0, -0.0, 0.6, 0, 0, 0, 1], [0.36, 0.7518, 0.0, 0.6594, 0.0, 0.6594, 0.0, -0.7518, 0.0, 0.0, 1.0, -0.0, 0.6, 0, 0, 0, 1], [0.37, 0.7385, 0.0, 0.6743, 0.0, 0.6743, 0.0, -0.7385, 0.0, 0.0, 1.0, -0.0, 0.6, 0, 0, 0, 1], [0.38, 0.7248, 0.0, 0.6889, 0.0, 0.6889, 0.0, -0.7248, 0.0, 0.0, 1.0, -0.0, 0.6, 0, 0, 0, 1], [0.39, 0.7109, 0.0, 0.7033, 0.0, 0.7033, 0.0, -0.7109, 0.0, 0.0, 1.0, -0.0, 0.6, 0, 0, 0, 1], [0.4, 0.6967, 0.0, 0.7174, 0.0, 0.7174, 0.0, -0.6967, 0.0, 0.0, 1.0, -0.0, 0.6, 0, 0, 0, 1], [0.41000000000000003, 0.6822, 0.0, 0.7311, 0.0, 0.7311, 0.0, -0.6822, 0.0, 0.0, 1.0, -0.0, 0.6, 0, 0, 0, 1], [0.42, 0.6675, 0.0, 0.7446, 0.0, 0.7446, 0.0, -0.6675, 0.0, 0.0, 1.0, -0.0, 0.6, 0, 0, 0, 1], [0.43, 0.6524, 0.0, 0.7578, 0.0, 0.7578, 0.0, -0.6524, 0.0, 0.0, 1.0, -0.0, 0.6, 0, 0, 0, 1], [0.44, 0.6372, 0.0, 0.7707, 0.0, 0.7707, 0.0, -0.6372, 0.0, 0.0, 1.0, -0.0, 0.6, 0, 0, 0, 1], [0.45, 0.6216, 0.0, 0.7833, 0.0, 0.7833, 0.0, -0.6216, 0.0, 0.0, 1.0, -0.0, 0.6, 0, 0, 0, 1], [0.46, 0.6058, 0.0, 0.7956, 0.0, 0.7956, 0.0, -0.6058, 0.0, 0.0, 1.0, -0.0, 0.6, 0, 0, 0, 1], [0.47000000000000003, 0.5898, 0.0, 0.8076, 0.0, 0.8076, 0.0, -0.5898, 0.0, 0.0, 1.0, -0.0, 0.6, 0, 0, 0, 1], [0.48, 0.5735, 0.0, 0.8192, 0.0, 0.8192, 0.0, -0.5735, 0.0, 0.0, 1.0, -0.0, 0.6, 0, 0, 0, 1], [0.49, 0.557, 0.0, 0.8305, 0.0, 0.8305, 0.0, -0.557, 0.0, 0.0, 1.0, -0.0, 0.6, 0, 0, 0, 1], [0.5, 0.5403, 0.0, 0.8415, 0.0, 0.8415, 0.0, -0.5403, 0.0, 0.0, 1.0, -0.0, 0.6, 0, 0, 0, 1], [0.51, 0.5234, 0.0, 0.8521, 0.0, 0.8521, 0.0, -0.5234, 0.0, 0.0, 1.0, -0.0, 0.6, 0, 0, 0, 1], [0.52, 0.5062, 0.0, 0.8624, 0.0, 0.8624, 0.0, -0.5062, 0.0, 0.0, 1.0, -0.0, 0.6, 0, 0, 0, 1], [0.53, 0.4889, 0.0, 0.8724, 0.0, 0.8724, 0.0, -0.4889, 0.0, 0.0, 1.0, -0.0, 0.6, 0, 0, 0, 1], [0.54, 0.4713, 0.0, 0.882, 0.0, 0.882, 0.0, -0.4713, 0.0, 0.0, 1.0, -0.0, 0.6, 0, 0, 0, 1], [0.55, 0.4536, 0.0, 0.8912, 0.0, 0.8912, 0.0, -0.4536, 0.0, 0.0, 1.0, -0.0, 0.6, 0, 0, 0, 1], [0.56, 0.4357, 0.0, 0.9001, 0.0, 0.9001, 0.0, -0.4357, 0.0, 0.0, 1.0, -0.0, 0.6, 0, 0, 0, 1], [0.5700000000000001, 0.4176, 0.0, 0.9086, 0.0, 0.9086, 0.0, -0.4176, 0.0, 0.0, 1.0, -0.0, 0.6, 0, 0, 0, 1], [0.58, 0.3993, 0.0, 0.9168, 0.0, 0.9168, 0.0, -0.3993, 0.0, 0.0, 1.0, -0.0, 0.6, 0, 0, 0, 1], [0.59, 0.3809, 0.0, 0.9246, 0.0, 0.9246, 0.0, -0.3809, 0.0, 0.0, 1.0, -0.0, 0.6, 0, 0, 0, 1], [0.6, 0.3624, 0.0, 0.932, 0.0, 0.932, 0.0, -0.3624, 0.0, 0.0, 1.0, -0.0, 0.6, 0, 0, 0, 1], [0.61, 0.3436, 0.0, 0.9391, 0.0, 0.9391, 0.0, -0.3436, 0.0, 0.0, 1.0, -0.0, 0.6, 0, 0, 0, 1], [0.62, 0.3248, 0.0, 0.9458, 0.0, 0.9458, 0.0, -0.3248, 0.0, 0.0, 1.0, -0.0, 0.6, 0, 0, 0, 1], [0.63, 0.3058, 0.0, 0.9521, 0.0, 0.9521, 0.0, -0.3058, 0.0, 0.0, 1.0, -0.0, 0.6, 0, 0, 0, 1], [0.64, 0.2867, 0.0, 0.958, 0.0, 0.958, 0.0, -0.2867, 0.0, 0.0, 1.0, -0.0, 0.6, 0, 0, 0, 1], [0.65, 0.2675, 0.0, 0.9636, 0.0, 0.9636, 0.0, -0.2675, 0.0, 0.0, 1.0, -0.0, 0.6, 0, 0, 0, 1], [0.66, 0.2482, 0.0, 0.9687, 0.0, 0.9687, 0.0, -0.2482, 0.0, 0.0, 1.0, -0.0, 0.6, 0, 0, 0, 1], [0.67, 0.2288, 0.0, 0.9735, 0.0, 0.9735, 0.0, -0.2288, 0.0, 0.0, 1.0, -0.0, 0.6, 0, 0, 0, 1], [0.68, 0.2092, 0.0, 0.9779, 0.0, 0.9779, 0.0, -0.2092, 0.0, 0.0, 1.0, -0.0, 0.6, 0, 0, 0, 1], [0.6900000000000001, 0.1896, 0.0, 0.9819, 0.0, 0.9819, 0.0, -0.1896, 0.0, 0.0, 1.0, -0.0, 0.6, 0, 0, 0, 1], [0.7000000000000001, 0.17, 0.0, 0.9854, 0.0, 0.9854, 0.0, -0.17, 0.0, 0.0, 1.0, -0.0, 0.6, 0, 0, 0, 1], [0.71, 0.1502, 0.0, 0.9887, 0.0, 0.9887, 0.0, -0.1502, 0.0, 0.0, 1.0, -0.0, 0.6, 0, 0, 0, 1], [0.72, 0.1304, 0.0, 0.9915, 0.0, 0.9915, 0.0, -0.1304, 0.0, 0.0, 1.0, -0.0, 0.6, 0, 0, 0, 1], [0.73, 0.1106, 0.0, 0.9939, 0.0, 0.9939, 0.0, -0.1106, 0.0, 0.0, 1.0, -0.0, 0.6, 0, 0, 0, 1], [0.74, 0.0907, 0.0, 0.9959, 0.0, 0.9959, 0.0, -0.0907, 0.0, 0.0, 1.0, -0.0, 0.6, 0, 0, 0, 1], [0.75, 0.0707, 0.0, 0.9975, 0.0, 0.9975, 0.0, -0.0707, 0.0, 0.0, 1.0, -0.0, 0.6, 0, 0, 0, 1], [0.76, 0.0508, 0.0, 0.9987, 0.0, 0.9987, 0.0, -0.0508, 0.0, 0.0, 1.0, -0.0, 0.6, 0, 0, 0, 1], [0.77, 0.0308, 0.0, 0.9995, 0.0, 0.9995, 0.0, -0.0308, 0.0, 0.0, 1.0, -0.0, 0.6, 0, 0, 0, 1], [0.78, 0.0108, 0.0, 0.9999, 0.0, 0.9999, 0.0, -0.0108, 0.0, 0.0, 1.0, -0.0, 0.6, 0, 0, 0, 1], [0.79, -0.0092, 0.0, 1.0, 0.0, 1.0, 0.0, 0.0092, 0.0, 0.0, 1.0, -0.0, 0.6, 0, 0, 0, 1], [0.8, -0.0292, 0.0, 0.9996, 0.0, 0.9996, 0.0, 0.0292, 0.0, 0.0, 1.0, -0.0, 0.6, 0, 0, 0, 1], [0.81, -0.0492, 0.0, 0.9988, 0.0, 0.9988, 0.0, 0.0492, 0.0, 0.0, 1.0, -0.0, 0.6, 0, 0, 0, 1], [0.8200000000000001, -0.0691, 0.0, 0.9976, 0.0, 0.9976, 0.0, 0.0691, 0.0, 0.0, 1.0, -0.0, 0.6, 0, 0, 0, 1], [0.8300000000000001, -0.0891, 0.0, 0.996, 0.0, 0.996, 0.0, 0.0891, 0.0, 0.0, 1.0, -0.0, 0.6, 0, 0, 0, 1], [0.84, -0.109, 0.0, 0.994, 0.0, 0.994, 0.0, 0.109, 0.0, 0.0, 1.0, -0.0, 0.6, 0, 0, 0, 1], [0.85, -0.1288, 0.0, 0.9917, 0.0, 0.9917, 0.0, 0.1288, 0.0, 0.0, 1.0, -0.0, 0.6, 0, 0, 0, 1], [0.86, -0.1487, 0.0, 0.9889, 0.0, 0.9889, 0.0, 0.1487, 0.0, 0.0, 1.0, -0.0, 0.6, 0, 0, 0, 1], [0.87, -0.1684, 0.0, 0.9857, 0.0, 0.9857, 0.0, 0.1684, 0.0, 0.0, 1.0, -0.0, 0.6, 0, 0, 0, 1], [0.88, -0.1881, 0.0, 0.9822, 0.0, 0.9822, 0.0, 0.1881, 0.0, 0.0, 1.0, -0.0, 0.6, 0, 0, 0, 1], [0.89, -0.2077, 0.0, 0.9782, 0.0, 0.9782, 0.0, 0.2077, 0.0, 0.0, 1.0, -0.0, 0.6, 0, 0, 0, 1], [0.9, -0.2272, 0.0, 0.9738, 0.0, 0.9738, 0.0, 0.2272, 0.0, 0.0, 1.0, -0.0, 0.6, 0, 0, 0, 1], [0.91, -0.2466, 0.0, 0.9691, 0.0, 0.9691, 0.0, 0.2466, 0.0, 0.0, 1.0, -0.0, 0.6, 0, 0, 0, 1], [0.92, -0.266, 0.0, 0.964, 0.0, 0.964, 0.0, 0.266, 0.0, 0.0, 1.0, -0.0, 0.6, 0, 0, 0, 1], [0.93, -0.2852, 0.0, 0.9585, 0.0, 0.9585, 0.0, 0.2852, 0.0, 0.0, 1.0, -0.0, 0.6, 0, 0, 0, 1], [0.9400000000000001, -0.3043, 0.0, 0.9526, 0.0, 0.9526, 0.0, 0.3043, 0.0, 0.0, 1.0, -0.0, 0.6, 0, 0, 0, 1], [0.9500000000000001, -0.3233, 0.0, 0.9463, 0.0, 0.9463, 0.0, 0.3233, 0.0, 0.0, 1.0, -0.0, 0.6, 0, 0, 0, 1], [0.96, -0.3421, 0.0, 0.9396, 0.0, 0.9396, 0.0, 0.3421, 0.0, 0.0, 1.0, -0.0, 0.6, 0, 0, 0, 1], [0.97, -0.3609, 0.0, 0.9326, 0.0, 0.9326, 0.0, 0.3609, 0.0, 0.0, 1.0, -0.0, 0.6, 0, 0, 0, 1], [0.98, -0.3795, 0.0, 0.9252, 0.0, 0.9252, 0.0, 0.3795, 0.0, 0.0, 1.0, -0.0, 0.6, 0, 0, 0, 1], [0.99, -0.3979, 0.0, 0.9174, 0.0, 0.9174, 0.0, 0.3979, 0.0, 0.0, 1.0, -0.0, 0.6, 0, 0, 0, 1], [1.0, -0.4161, 0.0, 0.9093, 0.0, 0.9093, 0.0, 0.4161, 0.0, 0.0, 1.0, -0.0, 0.6, 0, 0, 0, 1], [1.01, -0.4342, 0.0, 0.9008, 0.0, 0.9008, 0.0, 0.4342, 0.0, 0.0, 1.0, -0.0, 0.6, 0, 0, 0, 1], [1.02, -0.4522, 0.0, 0.8919, 0.0, 0.8919, 0.0, 0.4522, 0.0, 0.0, 1.0, -0.0, 0.6, 0, 0, 0, 1], [1.03, -0.4699, 0.0, 0.8827, 0.0, 0.8827, 0.0, 0.4699, 0.0, 0.0, 1.0, -0.0, 0.6, 0, 0, 0, 1], [1.04, -0.4875, 0.0, 0.8731, 0.0, 0.8731, 0.0, 0.4875, 0.0, 0.0, 1.0, -0.0, 0.6, 0, 0, 0, 1], [1.05, -0.5048, 0.0, 0.8632, 0.0, 0.8632, 0.0, 0.5048, 0.0, 0.0, 1.0, -0.0, 0.6, 0, 0, 0, 1], [1.06, -0.522, 0.0, 0.8529, 0.0, 0.8529, 0.0, 0.522, 0.0, 0.0, 1.0, -0.0, 0.6, 0, 0, 0, 1], [1.07, -0.539, 0.0, 0.8423, 0.0, 0.8423, 0.0, 0.539, 0.0, 0.0, 1.0, -0.0, 0.6, 0, 0, 0, 1], [1.08, -0.5557, 0.0, 0.8314, 0.0, 0.8314, 0.0, 0.5557, 0.0, 0.0, 1.0, -0.0, 0.6, 0, 0, 0, 1], [1.09, -0.5722, 0.0, 0.8201, 0.0, 0.8201, 0.0, 0.5722, 0.0, 0.0, 1.0, -0.0, 0.6, 0, 0, 0, 1], [1.1, -0.5885, 0.0, 0.8085, 0.0, 0.8085, 0.0, 0.5885, 0.0, 0.0, 1.0, -0.0, 0.6, 0, 0, 0, 1], [1.11, -0.6046, 0.0, 0.7966, 0.0, 0.7966, 0.0, 0.6046, 0.0, 0.0, 1.0, -0.0, 0.6, 0, 0, 0, 1], [1.12, -0.6204, 0.0, 0.7843, 0.0, 0.7843, 0.0, 0.6204, 0.0, 0.0, 1.0, -0.0, 0.6, 0, 0, 0, 1], [1.1300000000000001, -0.6359, 0.0, 0.7718, 0.0, 0.7718, 0.0, 0.6359, 0.0, 0.0, 1.0, -0.0, 0.6, 0, 0, 0, 1], [1.1400000000000001, -0.6512, 0.0, 0.7589, 0.0, 0.7589, 0.0, 0.6512, 0.0, 0.0, 1.0, -0.0, 0.6, 0, 0, 0, 1], [1.1500000000000001, -0.6663, 0.0, 0.7457, 0.0, 0.7457, 0.0, 0.6663, 0.0, 0.0, 1.0, -0.0, 0.6, 0, 0, 0, 1], [1.16, -0.6811, 0.0, 0.7322, 0.0, 0.7322, 0.0, 0.6811, 0.0, 0.0, 1.0, -0.0, 0.6, 0, 0, 0, 1], [1.17, -0.6956, 0.0, 0.7185, 0.0, 0.7185, 0.0, 0.6956, 0.0, 0.0, 1.0, -0.0, 0.6, 0, 0, 0, 1], [1.18, -0.7098, 0.0, 0.7044, 0.0, 0.7044, 0.0, 0.7098, 0.0, 0.0, 1.0, -0.0, 0.6, 0, 0, 0, 1], [1.19, -0.7237, 0.0, 0.6901, 0.0, 0.6901, 0.0, 0.7237, 0.0, 0.0, 1.0, -0.0, 0.6, 0, 0, 0, 1], [1.2, -0.7374, 0.0, 0.6755, 0.0, 0.6755, 0.0, 0.7374, 0.0, 0.0, 1.0, -0.0, 0.6, 0, 0, 0, 1], [1.21, -0.7508, 0.0, 0.6606, 0.0, 0.6606, 0.0, 0.7508, 0.0, 0.0, 1.0, -0.0, 0.6, 0, 0, 0, 1], [1.22, -0.7638, 0.0, 0.6454, 0.0, 0.6454, 0.0, 0.7638, 0.0, 0.0, 1.0, -0.0, 0.6, 0, 0, 0, 1], [1.23, -0.7766, 0.0, 0.63, 0.0, 0.63, 0.0, 0.7766, 0.0, 0.0, 1.0, -0.0, 0.6, 0, 0, 0, 1], [1.24, -0.789, 0.0, 0.6144, 0.0, 0.6144, 0.0, 0.789, 0.0, 0.0, 1.0, -0.0, 0.6, 0, 0, 0, 1], [1.25, -0.8011, 0.0, 0.5985, 0.0, 0.5985, 0.0, 0.8011, 0.0, 0.0, 1.0, -0.0, 0.6, 0, 0, 0, 1], [1.26, -0.813, 0.0, 0.5823, 0.0, 0.5823, 0.0, 0.813, 0.0, 0.0, 1.0, -0.0, 0.6, 0, 0, 0, 1], [1.27, -0.8244, 0.0, 0.566, 0.0, 0.566, 0.0, 0.8244, 0.0, 0.0, 1.0, -0.0, 0.6, 0, 0, 0, 1], [1.28, -0.8356, 0.0, 0.5494, 0.0, 0.5494, 0.0, 0.8356, 0.0, 0.0, 1.0, -0.0, 0.6, 0, 0, 0, 1], [1.29, -0.8464, 0.0, 0.5325, 0.0, 0.5325, 0.0, 0.8464, 0.0, 0.0, 1.0, -0.0, 0.6, 0, 0, 0, 1], [1.3, -0.8569, 0.0, 0.5155, 0.0, 0.5155, 0.0, 0.8569, 0.0, 0.0, 1.0, -0.0, 0.6, 0, 0, 0, 1], [1.31, -0.867, 0.0, 0.4983, 0.0, 0.4983, 0.0, 0.867, 0.0, 0.0, 1.0, -0.0, 0.6, 0, 0, 0, 1], [1.32, -0.8768, 0.0, 0.4808, 0.0, 0.4808, 0.0, 0.8768, 0.0, 0.0, 1.0, -0.0, 0.6, 0, 0, 0, 1], [1.33, -0.8863, 0.0, 0.4632, 0.0, 0.4632, 0.0, 0.8863, 0.0, 0.0, 1.0, -0.0, 0.6, 0, 0, 0, 1], [1.34, -0.8953, 0.0, 0.4454, 0.0, 0.4454, 0.0, 0.8953, 0.0, 0.0, 1.0, -0.0, 0.6, 0, 0, 0, 1], [1.35, -0.9041, 0.0, 0.4274, 0.0, 0.4274, 0.0, 0.9041, 0.0, 0.0, 1.0, -0.0, 0.6, 0, 0, 0, 1], [1.36, -0.9124, 0.0, 0.4092, 0.0, 0.4092, 0.0, 0.9124, 0.0, 0.0, 1.0, -0.0, 0.6, 0, 0, 0, 1], [1.37, -0.9204, 0.0, 0.3909, 0.0, 0.3909, 0.0, 0.9204, 0.0, 0.0, 1.0, -0.0, 0.6, 0, 0, 0, 1], [1.3800000000000001, -0.9281, 0.0, 0.3724, 0.0, 0.3724, 0.0, 0.9281, 0.0, 0.0, 1.0, -0.0, 0.6, 0, 0, 0, 1], [1.3900000000000001, -0.9353, 0.0, 0.3538, 0.0, 0.3538, 0.0, 0.9353, 0.0, 0.0, 1.0, -0.0, 0.6, 0, 0, 0, 1], [1.4000000000000001, -0.9422, 0.0, 0.335, 0.0, 0.335, 0.0, 0.9422, 0.0, 0.0, 1.0, -0.0, 0.6, 0, 0, 0, 1], [1.41, -0.9487, 0.0, 0.3161, 0.0, 0.3161, 0.0, 0.9487, 0.0, 0.0, 1.0, -0.0, 0.6, 0, 0, 0, 1], [1.42, -0.9549, 0.0, 0.297, 0.0, 0.297, 0.0, 0.9549, 0.0, 0.0, 1.0, -0.0, 0.6, 0, 0, 0, 1], [1.43, -0.9606, 0.0, 0.2779, 0.0, 0.2779, 0.0, 0.9606, 0.0, 0.0, 1.0, -0.0, 0.6, 0, 0, 0, 1], [1.44, -0.966, 0.0, 0.2586, 0.0, 0.2586, 0.0, 0.966, 0.0, 0.0, 1.0, -0.0, 0.6, 0, 0, 0, 1], [1.45, -0.971, 0.0, 0.2392, 0.0, 0.2392, 0.0, 0.971, 0.0, 0.0, 1.0, -0.0, 0.6, 0, 0, 0, 1], [1.46, -0.9755, 0.0, 0.2198, 0.0, 0.2198, 0.0, 0.9755, 0.0, 0.0, 1.0, -0.0, 0.6, 0, 0, 0, 1], [1.47, -0.9797, 0.0, 0.2002, 0.0, 0.2002, 0.0, 0.9797, 0.0, 0.0, 1.0, -0.0, 0.6, 0, 0, 0, 1], [1.48, -0.9836, 0.0, 0.1806, 0.0, 0.1806, 0.0, 0.9836, 0.0, 0.0, 1.0, -0.0, 0.6, 0, 0, 0, 1], [1.49, -0.987, 0.0, 0.1609, 0.0, 0.1609, 0.0, 0.987, 0.0, 0.0, 1.0, -0.0, 0.6, 0, 0, 0, 1], [1.5, -0.99, 0.0, 0.1411, 0.0, 0.1411, 0.0, 0.99, 0.0, 0.0, 1.0, -0.0, 0.6, 0, 0, 0, 1], [1.51, -0.9926, 0.0, 0.1213, 0.0, 0.1213, 0.0, 0.9926, 0.0, 0.0, 1.0, -0.0, 0.6, 0, 0, 0, 1], [1.52, -0.9948, 0.0, 0.1014, 0.0, 0.1014, 0.0, 0.9948, 0.0, 0.0, 1.0, -0.0, 0.6, 0, 0, 0, 1], [1.53, -0.9967, 0.0, 0.0815, 0.0, 0.0815, 0.0, 0.9967, 0.0, 0.0, 1.0, -0.0, 0.6, 0, 0, 0, 1], [1.54, -0.9981, 0.0, 0.0616, 0.0, 0.0616, 0.0, 0.9981, 0.0, 0.0, 1.0, -0.0, 0.6, 0, 0, 0, 1], [1.55, -0.9991, 0.0, 0.0416, 0.0, 0.0416, 0.0, 0.9991, 0.0, 0.0, 1.0, -0.0, 0.6, 0, 0, 0, 1], [1.56, -0.9998, 0.0, 0.0216, 0.0, 0.0216, 0.0, 0.9998, 0.0, 0.0, 1.0, -0.0, 0.6, 0, 0, 0, 1], [1.57, -1.0, 0.0, 0.0016, 0.0, 0.0016, 0.0, 1.0, 0.0, 0.0, 1.0, -0.0, 0.6, 0, 0, 0, 1], [1.58, -0.9998, 0.0, -0.0184, 0.0, -0.0184, 0.0, 0.9998, 0.0, 0.0, 1.0, -0.0, 0.6, 0, 0, 0, 1], [1.59, -0.9993, 0.0, -0.0384, 0.0, -0.0384, 0.0, 0.9993, 0.0, 0.0, 1.0, -0.0, 0.6, 0, 0, 0, 1], [1.6, -0.9983, 0.0, -0.0584, 0.0, -0.0584, 0.0, 0.9983, 0.0, 0.0, 1.0, -0.0, 0.6, 0, 0, 0, 1], [1.61, -0.9969, 0.0, -0.0783, 0.0, -0.0783, 0.0, 0.9969, 0.0, 0.0, 1.0, -0.0, 0.6, 0, 0, 0, 1], [1.62, -0.9952, 0.0, -0.0982, 0.0, -0.0982, 0.0, 0.9952, 0.0, 0.0, 1.0, -0.0, 0.6, 0, 0, 0, 1], [1.6300000000000001, -0.993, 0.0, -0.1181, 0.0, -0.1181, 0.0, 0.993, 0.0, 0.0, 1.0, -0.0, 0.6, 0, 0, 0, 1], [1.6400000000000001, -0.9904, 0.0, -0.138, 0.0, -0.138, 0.0, 0.9904, 0.0, 0.0, 1.0, -0.0, 0.6, 0, 0, 0, 1], [1.6500000000000001, -0.9875, 0.0, -0.1577, 0.0, -0.1577, 0.0, 0.9875, 0.0, 0.0, 1.0, -0.0, 0.6, 0, 0, 0, 1], [1.6600000000000001, -0.9841, 0.0, -0.1775, 0.0, -0.1775, 0.0, 0.9841, 0.0, 0.0, 1.0, -0.0, 0.6, 0, 0, 0, 1], [1.67, -0.9804, 0.0, -0.1971, 0.0, -0.1971, 0.0, 0.9804, 0.0, 0.0, 1.0, -0.0, 0.6, 0, 0, 0, 1], [1.68, -0.9762, 0.0, -0.2167, 0.0, -0.2167, 0.0, 0.9762, 0.0, 0.0, 1.0, -0.0, 0.6, 0, 0, 0, 1], [1.69, -0.9717, 0.0, -0.2362, 0.0, -0.2362, 0.0, 0.9717, 0.0, 0.0, 1.0, -0.0, 0.6, 0, 0, 0, 1], [1.7, -0.9668, 0.0, -0.2555, 0.0, -0.2555, 0.0, 0.9668, 0.0, 0.0, 1.0, -0.0, 0.6, 0, 0, 0, 1], [1.71, -0.9615, 0.0, -0.2748, 0.0, -0.2748, 0.0, 0.9615, 0.0, 0.0, 1.0, -0.0, 0.6, 0, 0, 0, 1], [1.72, -0.9558, 0.0, -0.294, 0.0, -0.294, 0.0, 0.9558, 0.0, 0.0, 1.0, -0.0, 0.6, 0, 0, 0, 1], [1.73, -0.9497, 0.0, -0.3131, 0.0, -0.3131, 0.0, 0.9497, 0.0, 0.0, 1.0, -0.0, 0.6, 0, 0, 0, 1], [1.74, -0.9433, 0.0, -0.332, 0.0, -0.332, 0.0, 0.9433, 0.0, 0.0, 1.0, -0.0, 0.6, 0, 0, 0, 1], [1.75, -0.9365, 0.0, -0.3508, 0.0, -0.3508, 0.0, 0.9365, 0.0, 0.0, 1.0, -0.0, 0.6, 0, 0, 0, 1], [1.76, -0.9293, 0.0, -0.3694, 0.0, -0.3694, 0.0, 0.9293, 0.0, 0.0, 1.0, -0.0, 0.6, 0, 0, 0, 1], [1.77, -0.9217, 0.0, -0.388, 0.0, -0.388, 0.0, 0.9217, 0.0, 0.0, 1.0, -0.0, 0.6, 0, 0, 0, 1], [1.78, -0.9137, 0.0, -0.4063, 0.0, -0.4063, 0.0, 0.9137, 0.0, 0.0, 1.0, -0.0, 0.6, 0, 0, 0, 1], [1.79, -0.9054, 0.0, -0.4245, 0.0, -0.4245, 0.0, 0.9054, 0.0, 0.0, 1.0, -0.0, 0.6, 0, 0, 0, 1], [1.8, -0.8968, 0.0, -0.4425, 0.0, -0.4425, 0.0, 0.8968, 0.0, 0.0, 1.0, -0.0, 0.6, 0, 0, 0, 1], [1.81, -0.8877, 0.0, -0.4604, 0.0, -0.4604, 0.0, 0.8877, 0.0, 0.0, 1.0, -0.0, 0.6, 0, 0, 0, 1], [1.82, -0.8783, 0.0, -0.478, 0.0, -0.478, 0.0, 0.8783, 0.0, 0.0, 1.0, -0.0, 0.6, 0, 0, 0, 1], [1.83, -0.8686, 0.0, -0.4955, 0.0, -0.4955, 0.0, 0.8686, 0.0, 0.0, 1.0, -0.0, 0.6, 0, 0, 0, 1], [1.84, -0.8585, 0.0, -0.5128, 0.0, -0.5128, 0.0, 0.8585, 0.0, 0.0, 1.0, -0.0, 0.6, 0, 0, 0, 1], [1.85, -0.8481, 0.0, -0.5298, 0.0, -0.5298, 0.0, 0.8481, 0.0, 0.0, 1.0, -0.0, 0.6, 0, 0, 0, 1], [1.86, -0.8373, 0.0, -0.5467, 0.0, -0.5467, 0.0, 0.8373, 0.0, 0.0, 1.0, -0.0, 0.6, 0, 0, 0, 1], [1.87, -0.8262, 0.0, -0.5633, 0.0, -0.5633, 0.0, 0.8262, 0.0, 0.0, 1.0, -0.0, 0.6, 0, 0, 0, 1], [1.8800000000000001, -0.8148, 0.0, -0.5797, 0.0, -0.5797, 0.0, 0.8148, 0.0, 0.0, 1.0, -0.0, 0.6, 0, 0, 0, 1], [1.8900000000000001, -0.803, 0.0, -0.5959, 0.0, -0.5959, 0.0, 0.803, 0.0, 0.0, 1.0, -0.0, 0.6, 0, 0, 0, 1], [1.9000000000000001, -0.791, 0.0, -0.6119, 0.0, -0.6119, 0.0, 0.791, 0.0, 0.0, 1.0, -0.0, 0.6, 0, 0, 0, 1], [1.9100000000000001, -0.7786, 0.0, -0.6276, 0.0, -0.6276, 0.0, 0.7786, 0.0, 0.0, 1.0, -0.0, 0.6, 0, 0, 0, 1], [1.92, -0.7659, 0.0, -0.643, 0.0, -0.643, 0.0, 0.7659, 0.0, 0.0, 1.0, -0.0, 0.6, 0, 0, 0, 1], [1.93, -0.7529, 0.0, -0.6582, 0.0, -0.6582, 0.0, 0.7529, 0.0, 0.0, 1.0, -0.0, 0.6, 0, 0, 0, 1], [1.94, -0.7395, 0.0, -0.6731, 0.0, -0.6731, 0.0, 0.7395, 0.0, 0.0, 1.0, -0.0, 0.6, 0, 0, 0, 1], [1.95, -0.7259, 0.0, -0.6878, 0.0, -0.6878, 0.0, 0.7259, 0.0, 0.0, 1.0, -0.0, 0.6, 0, 0, 0, 1], [1.96, -0.712, 0.0, -0.7021, 0.0, -0.7021, 0.0, 0.712, 0.0, 0.0, 1.0, -0.0, 0.6, 0, 0, 0, 1], [1.97, -0.6978, 0.0, -0.7162, 0.0, -0.7162, 0.0, 0.6978, 0.0, 0.0, 1.0, -0.0, 0.6, 0, 0, 0, 1], [1.98, -0.6834, 0.0, -0.7301, 0.0, -0.7301, 0.0, 0.6834, 0.0, 0.0, 1.0, -0.0, 0.6, 0, 0, 0, 1], [1.99, -0.6686, 0.0, -0.7436, 0.0, -0.7436, 0.0, 0.6686, 0.0, 0.0, 1.0, -0.0, 0.6, 0, 0, 0, 1], [2.0, -0.6536, 0.0, -0.7568, 0.0, -0.7568, 0.0, 0.6536, 0.0, 0.0, 1.0, -0.0, 0.6, 0, 0, 0, 1], [2.0100000000000002, -0.6384, 0.0, -0.7697, 0.0, -0.7697, 0.0, 0.6384, 0.0, 0.0, 1.0, -0.0, 0.6, 0, 0, 0, 1], [2.02, -0.6229, 0.0, -0.7823, 0.0, -0.7823, 0.0, 0.6229, 0.0, 0.0, 1.0, -0.0, 0.6, 0, 0, 0, 1], [2.0300000000000002, -0.6071, 0.0, -0.7946, 0.0, -0.7946, 0.0, 0.6071, 0.0, 0.0, 1.0, -0.0, 0.6, 0, 0, 0, 1], [2.04, -0.5911, 0.0, -0.8066, 0.0, -0.8066, 0.0, 0.5911, 0.0, 0.0, 1.0, -0.0, 0.6, 0, 0, 0, 1], [2.05, -0.5748, 0.0, -0.8183, 0.0, -0.8183, 0.0, 0.5748, 0.0, 0.0, 1.0, -0.0, 0.6, 0, 0, 0, 1], [2.06, -0.5583, 0.0, -0.8296, 0.0, -0.8296, 0.0, 0.5583, 0.0, 0.0, 1.0, -0.0, 0.6, 0, 0, 0, 1], [2.07, -0.5416, 0.0, -0.8406, 0.0, -0.8406, 0.0, 0.5416, 0.0, 0.0, 1.0, -0.0, 0.6, 0, 0, 0, 1], [2.08, -0.5247, 0.0, -0.8513, 0.0, -0.8513, 0.0, 0.5247, 0.0, 0.0, 1.0, -0.0, 0.6, 0, 0, 0, 1], [2.09, -0.5076, 0.0, -0.8616, 0.0, -0.8616, 0.0, 0.5076, 0.0, 0.0, 1.0, -0.0, 0.6, 0, 0, 0, 1], [2.1, -0.4903, 0.0, -0.8716, 0.0, -0.8716, 0.0, 0.4903, 0.0, 0.0, 1.0, -0.0, 0.6, 0, 0, 0, 1], [2.11, -0.4727, 0.0, -0.8812, 0.0, -0.8812, 0.0, 0.4727, 0.0, 0.0, 1.0, -0.0, 0.6, 0, 0, 0, 1], [2.12, -0.455, 0.0, -0.8905, 0.0, -0.8905, 0.0, 0.455, 0.0, 0.0, 1.0, -0.0, 0.6, 0, 0, 0, 1], [2.13, -0.4371, 0.0, -0.8994, 0.0, -0.8994, 0.0, 0.4371, 0.0, 0.0, 1.0, -0.0, 0.6, 0, 0, 0, 1], [2.14, -0.419, 0.0, -0.908, 0.0, -0.908, 0.0, 0.419, 0.0, 0.0, 1.0, -0.0, 0.6, 0, 0, 0, 1], [2.15, -0.4008, 0.0, -0.9162, 0.0, -0.9162, 0.0, 0.4008, 0.0, 0.0, 1.0, -0.0, 0.6, 0, 0, 0, 1], [2.16, -0.3824, 0.0, -0.924, 0.0, -0.924, 0.0, 0.3824, 0.0, 0.0, 1.0, -0.0, 0.6, 0, 0, 0, 1], [2.17, -0.3638, 0.0, -0.9315, 0.0, -0.9315, 0.0, 0.3638, 0.0, 0.0, 1.0, -0.0, 0.6, 0, 0, 0, 1], [2.18, -0.3451, 0.0, -0.9386, 0.0, -0.9386, 0.0, 0.3451, 0.0, 0.0, 1.0, -0.0, 0.6, 0, 0, 0, 1], [2.19, -0.3263, 0.0, -0.9453, 0.0, -0.9453, 0.0, 0.3263, 0.0, 0.0, 1.0, -0.0, 0.6, 0, 0, 0, 1], [2.2, -0.3073, 0.0, -0.9516, 0.0, -0.9516, 0.0, 0.3073, 0.0, 0.0, 1.0, -0.0, 0.6, 0, 0, 0, 1], [2.21, -0.2882, 0.0, -0.9576, 0.0, -0.9576, 0.0, 0.2882, 0.0, 0.0, 1.0, -0.0, 0.6, 0, 0, 0, 1], [2.22, -0.269, 0.0, -0.9631, 0.0, -0.9631, 0.0, 0.269, 0.0, 0.0, 1.0, -0.0, 0.6, 0, 0, 0, 1], [2.23, -0.2497, 0.0, -0.9683, 0.0, -0.9683, 0.0, 0.2497, 0.0, 0.0, 1.0, -0.0, 0.6, 0, 0, 0, 1], [2.24, -0.2303, 0.0, -0.9731, 0.0, -0.9731, 0.0, 0.2303, 0.0, 0.0, 1.0, -0.0, 0.6, 0, 0, 0, 1], [2.25, -0.2108, 0.0, -0.9775, 0.0, -0.9775, 0.0, 0.2108, 0.0, 0.0, 1.0, -0.0, 0.6, 0, 0, 0, 1], [2.2600000000000002, -0.1912, 0.0, -0.9816, 0.0, -0.9816, 0.0, 0.1912, 0.0, 0.0, 1.0, -0.0, 0.6, 0, 0, 0, 1], [2.27, -0.1715, 0.0, -0.9852, 0.0, -0.9852, 0.0, 0.1715, 0.0, 0.0, 1.0, -0.0, 0.6, 0, 0, 0, 1], [2.2800000000000002, -0.1518, 0.0, -0.9884, 0.0, -0.9884, 0.0, 0.1518, 0.0, 0.0, 