<html>
<style>
.controller:hover{opacity:1 !important;}
</style>
<body>
<div id='canvas_container_16500413099849422' style='width:500px;height:500px;position:relative'>
<div id='loading_screen_16500413099849422' style='width:500px;height:500px;position:relative; background-color: #191919;text-align:center;align-items:center;display:flex;justify-content:center'> 
 <img src='https://raw.githubusercontent.com/viniciusmgn/uaibot_content/master/contents/SVG/logo_uai_bot.svg' style='width:200px;height:114px'/>
 </div>
<script id='MathJax-script' async src='https://cdn.jsdelivr.net/npm/mathjax@3.0.1/es5/tex-mml-chtml.js'></script>
<canvas id='scene_16500413099849422' width='500px' height='500px'></canvas>
<div id='genHTMLDiv'></div>
 <!-- USER DIVS GO HERE --><div class = 'controller' style='width:500px;height:30px;'></div>
</div>

 <script type="module">
import { Object3D, Vector3, BoxBufferGeometry, Color, Mesh, MeshBasicMaterial, PerspectiveCamera, OrthographicCamera,
Scene, WebGLRenderer, AmbientLight, DirectionalLight, HemisphereLight, MeshStandardMaterial,
AxesHelper, GridHelper, Matrix4, SphereBufferGeometry, CylinderBufferGeometry, Group, LoadingManager, MeshPhysicalMaterial, Vector2, FrontSide,
	BackSide, DoubleSide, PMREMGenerator, TextureLoader, PointLight, UVMapping, CubeReflectionMapping, CubeRefractionMapping,
	EquirectangularReflectionMapping, EquirectangularRefractionMapping, CubeUVReflectionMapping,
	CubeUVRefractionMapping, RepeatWrapping, ClampToEdgeWrapping, MirroredRepeatWrapping,
	NearestFilter, LinearFilter, NearestMipmapNearestFilter, NearestMipmapLinearFilter, LinearMipmapNearestFilter,
	LinearMipmapLinearFilter, BufferGeometry, Float32BufferAttribute, PointsMaterial, Points, ArrowHelper, TextGeometry, CubeTextureLoader,sRGBEncoding
} from 'https://cdn.skypack.dev/three@0.135.0/build/three.module.js';
import { OrbitControls } from 'https://cdn.skypack.dev/three@0.135.0/examples/jsm/controls/OrbitControls.js';
import {OBJLoader} from 'https://cdn.skypack.dev/three@0.135.0/examples/jsm/loaders/OBJLoader.js';
import {STLLoader} from 'https://cdn.skypack.dev/three@0.135.0/examples/jsm/loaders/STLLoader.js';
import {ColladaLoader} from 'https://cdn.skypack.dev/three@0.135.0/examples/jsm/loaders/ColladaLoader.js';
import {GUI} from 'https://cdn.skypack.dev/dat.gui';


//0.126.1 0.137.5
import { RoomEnvironment } from 'https://unpkg.com/three@0.126.1/examples/jsm/environments/RoomEnvironment.js';

//--------------------SIMULATION ELEMENTS---------------------

const delay = 500; 
 const maxTime = 29.990000000000002; 
 const cameraType= 'orthographic'; 
 const sceneID= '16500413099849422'; 
 const showWorldFrame=true; 
 const showGrid=true; 
 const backgroundColor='#191919'; 
 const ambientLightIntensity = 12;
 const ldrUrls = [];
 const cameraStartPose = [1.3, 1.8, 2.7, -0.58, 0.38, 2.63, 4.0];
 //SIMULATION PARAMETERS GO HERE

function elapsedMs()
{
	return (new Date()).getTime();
}


class Objsim{
	constructor(_frames){
		this.frames = _frames;
		this.currentFrame = 0;
		this.shape = "I HAVE NO SHAPE YET";
	}

	hasLoaded()
	{
		return true;
	}

	nextFrame(){
		while( (this.currentFrame < this.frames.length-1) && ( 1000 * this.frames[this.currentFrame+1][0] + delay < (elapsedMs() - startMs)) )
		{
			this.currentFrame += 1;
		}
	}
	setFrameTime(time)
	{
		this.currentFrame = 0;
		while( (this.currentFrame < this.frames.length-1) && ( this.frames[this.currentFrame+1][0] < time) )
		{
			this.currentFrame += 1;
		}
	}
	showFrame(){
		this.shape.matrix.set( this.frames[this.currentFrame][ 1],this.frames[this.currentFrame][ 2],this.frames[this.currentFrame][ 3],this.frames[this.currentFrame][ 4],
							   this.frames[this.currentFrame][ 5],this.frames[this.currentFrame][ 6],this.frames[this.currentFrame][ 7],this.frames[this.currentFrame][ 8],
							   this.frames[this.currentFrame][ 9],this.frames[this.currentFrame][10],this.frames[this.currentFrame][11],this.frames[this.currentFrame][12],
							   this.frames[this.currentFrame][13],this.frames[this.currentFrame][14],this.frames[this.currentFrame][15],this.frames[this.currentFrame][16]);


	}
	setEnvMap(envMap)
	{
		this.shape.material.envMap = envMap;
		this.shape.material.needsUpdate = true;
	}
}

class Box extends Objsim{
	constructor(_width, _height, _depth, _frames, _material){
		super(_frames);
		this.width = _width;
		this.height = _height;
		this.depth = _depth;
		const geometry = new BoxBufferGeometry( this.width, this.height, this.depth);
		const cube = new Mesh( geometry, _material );
		cube.matrixAutoUpdate = false;
		this.shape = cube;
	}
}

class Ball extends Objsim{
	constructor(_radius, _frames, _material){
		super(_frames);
		this.radius = _radius;
		const geometry = new SphereBufferGeometry( this.radius, 64, 32);
		const sphere = new Mesh( geometry, _material);
		sphere.matrixAutoUpdate = false;
		this.shape = sphere;
	}
}

class Cylinder extends Objsim{
	constructor(_radius, _height, _frames, _material){
		super(_frames);
		this.radius = _radius;
		this.height = _height;
		const geometry = new CylinderBufferGeometry( this.radius, this.radius, this.height, 20 );
		const cylinder = new Mesh( geometry, _material);
		cylinder.matrixAutoUpdate = false;
		this.shape = cylinder;
	}
}

class PointCloud extends Objsim{

	constructor(_points, _frames, _color, _size) {
		super(_frames);

		this.color = _color;
		this.points = _points
		this.size = _size;

		const vertices = []
		const geometry = new BufferGeometry();
		geometry.setAttribute('position', new Float32BufferAttribute(vertices, 3));
		const material = new PointsMaterial({color: this.color, size: this.size});
		this.shape  = new Points(geometry, material);
	}

	showFrame(){
		const vertices = [];

		for (let i = this.frames[this.currentFrame][1]; i < this.frames[this.currentFrame][2]; i++) {
			vertices.push(this.points[0][i], this.points[1][i], this.points[2][i]);
		}

		this.shape.geometry.setAttribute('position', new Float32BufferAttribute(vertices, 3));

	}

	setEnvMap(envMap) {}

}

class RigidObject extends Objsim
{

	constructor(_frames, _list_3dobject) {
		super(_frames);

		this.shape = new Group();
		this.shape.matrixAutoUpdate = false;

		const manager = new LoadingManager();

		let loader;

		for (let i = 0; i < _list_3dobject.length; i++) {
			const _3dobject = _list_3dobject[i];
			if (_3dobject.type === 'obj') {
				loader = new OBJLoader(manager);
				loader.load(_3dobject.url, (root) => {

					root.scale.set(_3dobject.scale, _3dobject.scale, _3dobject.scale);
					root.applyMatrix4(_3dobject.matrix)

					root.traverse(function (child) {
						if (child instanceof Mesh) {
							child.material = _3dobject.mesh_material;
						}
					});

					this.shape.add(root);
				});
			}
			if (_3dobject.type === 'stl') {
				loader = new STLLoader(manager);
				loader.load(_3dobject.url, (root) => {
					const mesh = new Mesh(root);

					mesh.scale.set(_3dobject.scale, _3dobject.scale, _3dobject.scale);
					mesh.applyMatrix4(_3dobject.matrix)

					mesh.traverse(function (child) {
						if (child instanceof Mesh) {
							child.material = _3dobject.mesh_material;
						}
					});

					this.shape.add(mesh);
				});
			}
			if (_3dobject.type === 'dae') {
				loader = new ColladaLoader(manager);
				loader.load(_3dobject.url, (root) => {
					const group = root.scene;

					group.scale.set(_3dobject.scale, _3dobject.scale, _3dobject.scale);
					group.applyMatrix4(_3dobject.matrix)

					group.traverse(function (child) {
						if (child instanceof Mesh) {
							child.material = _3dobject.mesh_material;
						}
					});

					this.shape.add(group);
				});
			}
		}

	}
}

class Vector extends Objsim {


	constructor(_frames, _color, _thickness, _origin, _dir, _length) {
		super(_frames);

		this.color = _color;
		this.thickness = _thickness
		this.origin = new Vector3(_origin[0], _origin[1], _origin[2]);
		this.dir =  new Vector3(_dir[0], _dir[1], _dir[2]);
		this._length = length

		this.shape = new ArrowHelper( this.dir, this.origin, this.length, this.color );
		this.shape.line.material.linewidth = this.thickness;

	}

	showFrame() {
		this.shape.setLength(this.frames[this.currentFrame][3]);
		const dir = this.frames[this.currentFrame][2];
		const origin = this.frames[this.currentFrame][1];

		this.shape.setDirection(new Vector3(dir[0], dir[1], dir[2]));
		this.shape.position.set(origin[0], origin[1], origin[2]);
	}
	setEnvMap(envMap) {}
}

class PointLightSim extends Objsim {


	constructor(_frames) {
		super(_frames);
		this.shape = new PointLight(this.frames[0][1],this.frames[0][2],this.frames[0][3]);
		this.shape.position.set(this.frames[0][4][0],this.frames[0][4][1],this.frames[0][4][2]);
	}

	showFrame() {
		this.shape.color.set(this.frames[this.currentFrame][1]);
		this.shape.intensity = this.frames[this.currentFrame][2];
		this.shape.distance = this.frames[this.currentFrame][3];
		this.shape.position.set(this.frames[this.currentFrame][4][0],this.frames[this.currentFrame][4][1],this.frames[this.currentFrame][4][2]);
	}
	setEnvMap(envMap) {}
}

class HTMLDiv extends Objsim{

	constructor(_id, _frames){
		super(_frames);
		this.id = _id;
		this.shape = undefined;
	}

	showFrame() {
		var element = document.getElementById(this.id);

		element.innerHTML = this.frames[this.currentFrame][1];
		element.style.position = "absolute";
		element.style = this.frames[this.currentFrame][2];
	}
	setEnvMap(envMap) {}
}

class Robot extends Objsim{

	constructor(_objBase, _link, _frames, _htm_base_0, _eef_frame_visible){
		super(_frames);

		this.loadedObjs = 0
		this.links = _link;

		this.totalNumberOfObjects = _objBase.length;

		for(let i=0; i<this.links.length; i++)
		{
			this.totalNumberOfObjects+= this.links[i].model3d.length;
		}

		this.htm_base_0 = _htm_base_0;

		//Function that creates a generic robot
		const base = new Group();
		base.name = "base";

		const baseFrame = new Group();
		baseFrame.name = "baseFrame";
		baseFrame.applyMatrix4(this.htm_base_0);


		//Create link groups
		let linkGroupList = [];

		for (let i = 0; i <= this.links.length; i++) {

			var linkGroup = new Group();
			linkGroup.name = "linkFrame" + i.toString();
			linkGroupList.push(linkGroup);

			linkGroup = new Group();
			linkGroup.name = "link" + i.toString();
			var axesHelper = new AxesHelper(0.2);
			axesHelper.matrixAutoUpdate = false;
			axesHelper.visible = true;
			linkGroup.add(axesHelper)

			if (i < this.links.length) {
				linkGroup.rotateZ(this.links[i].theta);
				linkGroup.translateZ(this.links[i].d);
				linkGroup.rotateX(this.links[i].alpha);
				linkGroup.translateX(this.links[i].a);
			}

			linkGroup.updateMatrix();

			linkGroupList.push(linkGroup);
		}


		base.add(baseFrame)
		baseFrame.add(linkGroupList[0])

		for (let i = 0; i < linkGroupList.length-1; i++) {
			linkGroupList[i].add(linkGroupList[i + 1])
		}

		//Load 3D models

		this.shape = base;
		this.shape.matrixAutoUpdate = false;

		this.loadObj(_objBase,"base", "base", false)
		for (let i = 0; i < this.links.length-1; i++) {
			this.loadObj(this.links[i].model3d,"link" + (i+1).toString(), "link" + (i).toString(), this.links[i].showFrame)
		}
		this.loadObj(this.links[this.links.length-1].model3d,"link" + (this.links.length).toString(), "link" + (this.links.length).toString(), _eef_frame_visible)

		this.delta_config = []

		for (let i = 0; i < this.links.length; i++) {
			if(this.links[i].jointType == 0)
			{
				this.delta_config.push(this.shape.getObjectByName("link" + (i).toString()).rotation.z)
			}
			if(this.links[i].jointType == 1)
			{
				this.delta_config.push(this.shape.getObjectByName("link" + (i).toString()).position.z)

			}
		}

	}

	loadObj(obj, name1, name2, axisVisible) {

		const manager = new LoadingManager();
		const objLoader = new OBJLoader(manager);
		const stlLoader = new STLLoader(manager);
		const colladaLoader = new ColladaLoader(manager);

		for (let i = 0; i < obj.length; i++) {


			if (obj[i].type == "obj") {
				objLoader.load(obj[i].url, (root) => {
					root.scale.set(obj[i].scale, obj[i].scale, obj[i].scale);
					root.applyMatrix4(obj[i].matrix)

					root.traverse(function (child) {
						if (child instanceof Mesh) {
							child.material = obj[i].mesh_material;
						}
					});

					this.shape.getObjectByName(name2).add(root);
					this.loadedObjs += 1
				});
			}
			if (obj[i].type == "stl") {
				stlLoader.load(obj[i].url, (root) => {
					const mesh = new Mesh(root);
					mesh.scale.set(obj[i].scale, obj[i].scale, obj[i].scale);
					mesh.applyMatrix4(obj[i].matrix)

					mesh.traverse(function (child) {
						if (child instanceof Mesh) {
							child.material = obj[i].mesh_material;
						}
					});

					this.shape.getObjectByName(name2).add(mesh);
					this.loadedObjs += 1
				});
			}
			if (obj[i].type == "dae") {
				colladaLoader.load(obj[i].url, (root) => {
					const group = root.scene;
					group.scale.set(obj[i].scale, obj[i].scale, obj[i].scale);
					group.applyMatrix4(obj[i].matrix)

					group.traverse(function (child) {
						if (child instanceof Mesh) {
							child.material = obj[i].mesh_material;
						}
					});

					this.shape.getObjectByName(name2).add(group);
					this.loadedObjs += 1
				});
			}

		}

		this.shape.getObjectByName(name1).getObjectByProperty("type", "AxesHelper").visible = axisVisible;
	}

	hasLoaded()
	{
		return this.loadedObjs == this.totalNumberOfObjects;
	}

	//Function that updates frames
	showFrame(){
		//setting robot position
		this.shape.matrix.set( this.frames[this.currentFrame][ 1],this.frames[this.currentFrame][ 2],this.frames[this.currentFrame][ 3],this.frames[this.currentFrame][ 4],
							   this.frames[this.currentFrame][ 5],this.frames[this.currentFrame][ 6],this.frames[this.currentFrame][ 7],this.frames[this.currentFrame][ 8],
							   this.frames[this.currentFrame][ 9],this.frames[this.currentFrame][10],this.frames[this.currentFrame][11],this.frames[this.currentFrame][12],
							   this.frames[this.currentFrame][13],this.frames[this.currentFrame][14],this.frames[this.currentFrame][15],this.frames[this.currentFrame][16]);
		//setting robot configuration

		if(this.frames[this.currentFrame][17] != undefined){

			for(let i = 0; i < this.links.length; i++){
				const linkName = "linkFrame" + (i).toString();

				if(this.links[i].jointType == 0){
					this.shape.getObjectByName(linkName).rotation.z = this.frames[this.currentFrame][17][i] + this.delta_config[i];
				}else if (this.links[i].jointType == 1){
					this.shape.getObjectByName(linkName).position.z = this.frames[this.currentFrame][17][i] + this.delta_config[i];
				}

			}
		}
	}

	setEnvMapTemp(variable, envMap)
	{
		if(variable instanceof Mesh)
		{
			variable.material.envMap = envMap;
			variable.material.needsUpdate  = true;
		}
		else if (variable instanceof Group)
		{
			for(let i=0; i < variable.children.length; i++)
			{
				this.setEnvMapTemp(variable.children[i]);
			}
		}
	}
	setEnvMap(envMap) {
		this.setEnvMapTemp(this.shape, envMap);
	}
}

//------------------------------------------------------------

//--------------- BASIC ELEMENTS OF ANY SCENE ----------------

Object3D.DefaultUp = new Vector3(0,0,1); //Pointing Z axis up
const canvas = document.getElementById('scene_'+sceneID);// Selecting canvas

const scene = new Scene();//Instantiate the Scene
scene.background = new Color(backgroundColor);//Set background color

let camera;

if (cameraType == "perspective") {
	camera = new PerspectiveCamera(60, canvas.clientWidth / canvas.clientHeight, 0.1, 100);//Instantiate a camera
}
if (cameraType == "orthographic") {
	camera = new OrthographicCamera(-3.2, 3.2, 2.4, -2.4, 0.01, 100);
}



var ambientLight = new HemisphereLight('white','darkslategrey', 3);//Instantiate Ambient light
ambientLight.intensity = ambientLightIntensity;
scene.add(ambientLight);

const controls = new OrbitControls(camera, canvas);	//Instantiate orbit controls
//controls.target.set(0, 0, 0);//Point camera at the origin

camera.position.set(cameraStartPose[0], cameraStartPose[1], cameraStartPose[2]);
camera.rotation.set(cameraStartPose[3], cameraStartPose[4], cameraStartPose[5]);
camera.zoom = cameraStartPose[6];
camera.updateProjectionMatrix();

const renderer = new WebGLRenderer({canvas, antialias: true});//Instantiate renderer
renderer.physicallyCorrectLights = true;//Enable physically Correct Lights
renderer.setSize(canvas.clientWidth, canvas.clientHeight);//Set render size
renderer.setPixelRatio(window.devicePixelRatio);//Set pixel ratio

let sceneElements = [];

if (showWorldFrame) {
	const axesHelper = new AxesHelper(0.5);
	axesHelper.renderOrder = 1;
	scene.add(axesHelper);
}

if (showGrid) {
	const gridHelper = new GridHelper(3, 6);
	scene.add(gridHelper);
	gridHelper.rotation.x = 3.14 / 2;
}





//------------------------------------------------------------

//--------------- ADDING ELEMENTS TO THIS SCENE ---------------

//BEGIN DECLARATION OF THE BOX 'genBox'

const texture_map_genBox = new TextureLoader().load('https://raw.githubusercontent.com/viniciusmgn/uaibot_content/master/contents/Textures/gold_metal.png');
texture_map_genBox.wrapS = RepeatWrapping;
texture_map_genBox.wrapT = RepeatWrapping;
texture_map_genBox.magFilter = LinearFilter;
texture_map_genBox.minFilter = LinearMipmapLinearFilter;
texture_map_genBox.rotation = 0;
texture_map_genBox.offset.set(0,0);
texture_map_genBox.repeat.set(1,1);
texture_map_genBox.center.set(0,0);

const material_genBox = new MeshPhysicalMaterial({
opacity: 0.8,
transparent: true,
aoMapIntensity: 1,
bumpScale: 1,
color: "white",
emissive: "black",
emissiveIntensity: 1,
envMapIntensity: 1,
flatShading: false,
lightMapIntensity: 1,
map: texture_map_genBox,
metalness: 1,
normalScale: new Vector2(1,1),
refractionRatio: 0.98,
roughness: 1,
clearcoat: 0,
clearcoatNormalScale: new Vector2(1,1),
clearcoatRoughness: 0,
ior: 1.5,
reflectivity: 0.5,
sheen: 0,
sheenRoughness: 1,
sheenColor: "white",
specularIntensity: 0,
specularColor: "white",
transmission: 0,
});


const var_genBox = new Box(0.1,0.3,0.2,[[0, 1.0, 0.0, -0.0, 0.0, 0.0, 0.0, -1.0, 0.0, 0.0, 1.0, -0.0, 0.0, 0, 0, 0, 1], [0.0, 1.0, 0.0, -0.0, 0.9, 0.0, 0.0, -1.0, 0.0, 0.0, 1.0, -0.0, 0.5, 0, 0, 0, 1], [0.01, 1.0, 0.005, -0.0, 0.9, 0.0, -0.01, -1.0, 0.009, -0.005, 0.9999, -0.01, 0.5004, 0, 0, 0, 1], [0.02, 1.0, 0.01, -0.0, 0.8998, 0.0002, -0.02, -0.9998, 0.018, -0.01, 0.9998, -0.02, 0.5009, 0, 0, 0, 1], [0.03, 0.9999, 0.015, -0.0, 0.8996, 0.0004, -0.03, -0.9996, 0.027, -0.015, 0.9994, -0.03, 0.5013, 0, 0, 0, 1], [0.04, 0.9998, 0.02, -0.0, 0.8993, 0.0008, -0.04, -0.9992, 0.036, -0.02, 0.999, -0.04, 0.5018, 0, 0, 0, 1], [0.05, 0.9997, 0.025, -0.0, 0.8989, 0.0012, -0.05, -0.9988, 0.045, -0.025, 0.9984, -0.05, 0.5022, 0, 0, 0, 1], [0.06, 0.9996, 0.03, -0.0, 0.8984, 0.0018, -0.0599, -0.9982, 0.054, -0.0299, 0.9978, -0.06, 0.5027, 0, 0, 0, 1], [0.07, 0.9994, 0.035, -0.0, 0.8978, 0.0024, -0.0699, -0.9976, 0.0629, -0.0349, 0.9969, -0.0699, 0.5031, 0, 0, 0, 1], [0.08, 0.9992, 0.04, -0.0, 0.8971, 0.0032, -0.0799, -0.9968, 0.0719, -0.0399, 0.996, -0.0799, 0.5036, 0, 0, 0, 1], [0.09, 0.999, 0.045, -0.0, 0.8964, 0.004, -0.0898, -0.996, 0.0809, -0.0448, 0.9949, -0.0899, 0.504, 0, 0, 0, 1], [0.1, 0.9988, 0.05, -0.0, 0.8955, 0.005, -0.0997, -0.995, 0.0899, -0.0497, 0.9938, -0.0998, 0.5045, 0, 0, 0, 1], [0.11, 0.9985, 0.055, -0.0, 0.8946, 0.006, -0.1096, -0.994, 0.0988, -0.0546, 0.9925, -0.1098, 0.5049, 0, 0, 0, 1], [0.12, 0.9982, 0.06, -0.0, 0.8935, 0.0072, -0.1195, -0.9928, 0.1077, -0.0595, 0.991, -0.1197, 0.5054, 0, 0, 0, 1], [0.13, 0.9979, 0.065, -0.0, 0.8924, 0.0084, -0.1294, -0.9916, 0.1167, -0.0644, 0.9895, -0.1296, 0.5058, 0, 0, 0, 1], [0.14, 0.9976, 0.0699, -0.0, 0.8912, 0.0098, -0.1392, -0.9902, 0.1256, -0.0693, 0.9878, -0.1395, 0.5063, 0, 0, 0, 1], [0.15, 0.9972, 0.0749, -0.0, 0.8899, 0.0112, -0.149, -0.9888, 0.1345, -0.0741, 0.986, -0.1494, 0.5067, 0, 0, 0, 1], [0.16, 0.9968, 0.0799, -0.0, 0.8885, 0.0127, -0.1588, -0.9872, 0.1434, -0.0789, 0.9841, -0.1593, 0.5072, 0, 0, 0, 1], [0.17, 0.9964, 0.0849, -0.0, 0.887, 0.0144, -0.1686, -0.9856, 0.1523, -0.0837, 0.982, -0.1692, 0.5076, 0, 0, 0, 1], [0.18, 0.996, 0.0899, -0.0, 0.8855, 0.0161, -0.1783, -0.9838, 0.1611, -0.0884, 0.9799, -0.179, 0.5081, 0, 0, 0, 1], [0.19, 0.9955, 0.0949, -0.0, 0.8838, 0.0179, -0.188, -0.982, 0.17, -0.0932, 0.9776, -0.1889, 0.5085, 0, 0, 0, 1], [0.2, 0.995, 0.0998, -0.0, 0.8821, 0.0198, -0.1977, -0.9801, 0.1788, -0.0978, 0.9752, -0.1987, 0.509, 0, 0, 0, 1], [0.21, 0.9945, 0.1048, -0.0, 0.8802, 0.0218, -0.2073, -0.978, 0.1876, -0.1025, 0.9726, -0.2085, 0.5094, 0, 0, 0, 1], [0.22, 0.994, 0.1098, -0.0, 0.8783, 0.024, -0.2169, -0.9759, 0.1964, -0.1071, 0.97, -0.2182, 0.5099, 0, 0, 0, 1], [0.23, 0.9934, 0.1147, -0.0, 0.8763, 0.0262, -0.2265, -0.9737, 0.2052, -0.1117, 0.9672, -0.228, 0.5103, 0, 0, 0, 1], [0.24, 0.9928, 0.1197, -0.0, 0.8742, 0.0285, -0.236, -0.9713, 0.2139, -0.1163, 0.9644, -0.2377, 0.5108, 0, 0, 0, 1], [0.25, 0.9922, 0.1247, -0.0, 0.872, 0.0308, -0.2455, -0.9689, 0.2227, -0.1208, 0.9614, -0.2474, 0.5112, 0, 0, 0, 1], [0.26, 0.9916, 0.1296, -0.0, 0.8698, 0.0333, -0.2549, -0.9664, 0.2314, -0.1253, 0.9582, -0.2571, 0.5117, 0, 0, 0, 1], [0.27, 0.9909, 0.1346, -0.0, 0.8674, 0.0359, -0.2643, -0.9638, 0.2401, -0.1297, 0.955, -0.2667, 0.5121, 0, 0, 0, 1], [0.28, 0.9902, 0.1395, -0.0, 0.8649, 0.0386, -0.2737, -0.9611, 0.2487, -0.1341, 0.9517, -0.2764, 0.5126, 0, 0, 0, 1], [0.29, 0.9895, 0.1445, -0.0, 0.8624, 0.0413, -0.283, -0.9582, 0.2574, -0.1385, 0.9482, -0.286, 0.513, 0, 0, 0, 1], [0.3, 0.9888, 0.1494, -0.0, 0.8598, 0.0442, -0.2922, -0.9553, 0.266, -0.1428, 0.9446, -0.2955, 0.5135, 0, 0, 0, 1], [0.31, 0.988, 0.1544, -0.0, 0.8571, 0.0471, -0.3014, -0.9523, 0.2746, -0.147, 0.9409, -0.3051, 0.5139, 0, 0, 0, 1], [0.32, 0.9872, 0.1593, -0.0, 0.8543, 0.0501, -0.3105, -0.9492, 0.2831, -0.1512, 0.9371, -0.3146, 0.5144, 0, 0, 0, 1], [0.33, 0.9864, 0.1643, -0.0, 0.8514, 0.0532, -0.3196, -0.946, 0.2916, -0.1554, 0.9332, -0.324, 0.5148, 0, 0, 0, 1], [0.34, 0.9856, 0.1692, -0.0, 0.8485, 0.0564, -0.3287, -0.9428, 0.3001, -0.1595, 0.9292, -0.3335, 0.5153, 0, 0, 0, 1], [0.35000000000000003, 0.9847, 0.1741, -0.0, 0.8454, 0.0597, -0.3377, -0.9394, 0.3086, -0.1636, 0.925, -0.3429, 0.5157, 0, 0, 0, 1], [0.36, 0.9838, 0.179, -0.0, 0.8423, 0.0631, -0.3466, -0.9359, 0.317, -0.1676, 0.9208, -0.3523, 0.5162, 0, 0, 0, 1], [0.37, 0.9829, 0.1839, -0.0, 0.8391, 0.0665, -0.3554, -0.9323, 0.3255, -0.1715, 0.9164, -0.3616, 0.5166, 0, 0, 0, 1], [0.38, 0.982, 0.1889, -0.0, 0.8358, 0.0701, -0.3642, -0.9287, 0.3338, -0.1754, 0.912, -0.3709, 0.5171, 0, 0, 0, 1], [0.39, 0.981, 0.1938, -0.0, 0.8324, 0.0737, -0.373, -0.9249, 0.3422, -0.1792, 0.9074, -0.3802, 0.5175, 0, 0, 0, 1], [0.4, 0.9801, 0.1987, -0.0, 0.829, 0.0774, -0.3817, -0.9211, 0.3505, -0.183, 0.9027, -0.3894, 0.518, 0, 0, 0, 1], [0.41000000000000003, 0.9791, 0.2036, -0.0, 0.8254, 0.0811, -0.3903, -0.9171, 0.3587, -0.1867, 0.8979, -0.3986, 0.5184, 0, 0, 0, 1], [0.42, 0.978, 0.2085, -0.0, 0.8218, 0.085, -0.3988, -0.9131, 0.367, -0.1903, 0.893, -0.4078, 0.5189, 0, 0, 0, 1], [0.43, 0.977, 0.2133, -0.0, 0.8181, 0.0889, -0.4073, -0.909, 0.3752, -0.1939, 0.888, -0.4169, 0.5193, 0, 0, 0, 1], [0.44, 0.9759, 0.2182, -0.0, 0.8143, 0.093, -0.4157, -0.9048, 0.3833, -0.1974, 0.8829, -0.4259, 0.5197, 0, 0, 0, 1], [0.45, 0.9748, 0.2231, -0.0, 0.8104, 0.097, -0.424, -0.9004, 0.3915, -0.2009, 0.8778, -0.435, 0.5202, 0, 0, 0, 1], [0.46, 0.9737, 0.228, -0.0, 0.8064, 0.1012, -0.4323, -0.8961, 0.3996, -0.2043, 0.8725, -0.4439, 0.5206, 0, 0, 0, 1], [0.47000000000000003, 0.9725, 0.2328, -0.0, 0.8024, 0.1055, -0.4404, -0.8916, 0.4076, -0.2076, 0.8671, -0.4529, 0.5211, 0, 0, 0, 1], [0.48, 0.9713, 0.2377, -0.0, 0.7983, 0.1098, -0.4485, -0.887, 0.4156, -0.2108, 0.8616, -0.4618, 0.5215, 0, 0, 0, 1], [0.49, 0.9701, 0.2426, -0.0, 0.7941, 0.1142, -0.4566, -0.8823, 0.4236, -0.214, 0.856, -0.4706, 0.522, 0, 0, 0, 1], [0.5, 0.9689, 0.2474, -0.0, 0.7898, 0.1186, -0.4645, -0.8776, 0.4315, -0.2171, 0.8503, -0.4794, 0.5224, 0, 0, 0, 1], [0.51, 0.9677, 0.2522, -0.0, 0.7855, 0.1231, -0.4724, -0.8727, 0.4394, -0.2201, 0.8445, -0.4882, 0.5229, 0, 0, 0, 1], [0.52, 0.9664, 0.2571, -0.0, 0.781, 0.1277, -0.4802, -0.8678, 0.4472, -0.2231, 0.8387, -0.4969, 0.5233, 0, 0, 0, 1], [0.53, 0.9651, 0.2619, -0.0, 0.7765, 0.1324, -0.4879, -0.8628, 0.455, -0.226, 0.8327, -0.5055, 0.5237, 0, 0, 0, 1], [0.54, 0.9638, 0.2667, -0.0, 0.7719, 0.1371, -0.4955, -0.8577, 0.4627, -0.2288, 0.8266, -0.5141, 0.5242, 0, 0, 0, 1], [0.55, 0.9624, 0.2715, -0.0, 0.7673, 0.1419, -0.503, -0.8525, 0.4704, -0.2315, 0.8205, -0.5227, 0.5246, 0, 0, 0, 1], [0.56, 0.9611, 0.2764, -0.0, 0.7625, 0.1468, -0.5105, -0.8473, 0.4781, -0.2341, 0.8143, -0.5312, 0.5251, 0, 0, 0, 1], [0.5700000000000001, 0.9597, 0.2812, -0.0, 0.7577, 0.1517, -0.5179, -0.8419, 0.4857, -0.2367, 0.8079, -0.5396, 0.5255, 0, 0, 0, 1], [0.58, 0.9582, 0.286, -0.0, 0.7528, 0.1567, -0.5251, -0.8365, 0.4932, -0.2392, 0.8015, -0.548, 0.526, 0, 0, 0, 1], [0.59, 0.9568, 0.2907, -0.0, 0.7478, 0.1618, -0.5323, -0.8309, 0.5007, -0.2416, 0.795, -0.5564, 0.5264, 0, 0, 0, 1], [0.6, 0.9553, 0.2955, -0.0, 0.7428, 0.1669, -0.5394, -0.8253, 0.5082, -0.2439, 0.7885, -0.5646, 0.5269, 0, 0, 0, 1], [0.61, 0.9538, 0.3003, -0.0, 0.7377, 0.172, -0.5464, -0.8196, 0.5156, -0.2461, 0.7818, -0.5729, 0.5273, 0, 0, 0, 1], [0.62, 0.9523, 0.3051, -0.0, 0.7325, 0.1772, -0.5533, -0.8139, 0.5229, -0.2483, 0.7751, -0.581, 0.5277, 0, 0, 0, 1], [0.63, 0.9508, 0.3098, -0.0, 0.7272, 0.1825, -0.5602, -0.808, 0.5302, -0.2503, 0.7683, -0.5891, 0.5282, 0, 0, 0, 1], [0.64, 0.9492, 0.3146, -0.0, 0.7219, 0.1879, -0.5669, -0.8021, 0.5375, -0.2523, 0.7614, -0.5972, 0.5286, 0, 0, 0, 1], [0.65, 0.9477, 0.3193, -0.0, 0.7165, 0.1932, -0.5735, -0.7961, 0.5447, -0.2542, 0.7544, -0.6052, 0.5291, 0, 0, 0, 1], [0.66, 0.946, 0.324, -0.0, 0.711, 0.1987, -0.58, -0.79, 0.5518, -0.256, 0.7474, -0.6131, 0.5295, 0, 0, 0, 1], [0.67, 0.9444, 0.3288, -0.0, 0.7054, 0.2042, -0.5865, -0.7838, 0.5589, -0.2577, 0.7402, -0.621, 0.5299, 0, 0, 0, 1], [0.68, 0.9428, 0.3335, -0.0, 0.6998, 0.2097, -0.5928, -0.7776, 0.5659, -0.2593, 0.7331, -0.6288, 0.5304, 0, 0, 0, 1], [0.6900000000000001, 0.9411, 0.3382, -0.0, 0.6941, 0.2153, -0.599, -0.7712, 0.5729, -0.2608, 0.7258, -0.6365, 0.5308, 0, 0, 0, 1], [0.7000000000000001, 0.9394, 0.3429, -0.0, 0.6884, 0.2209, -0.6052, -0.7648, 0.5798, -0.2623, 0.7185, -0.6442, 0.5313, 0, 0, 0, 1], [0.71, 0.9376, 0.3476, -0.0, 0.6825, 0.2266, -0.6112, -0.7584, 0.5867, -0.2636, 0.7111, -0.6518, 0.5317, 0, 0, 0, 1], [0.72, 0.9359, 0.3523, -0.0, 0.6766, 0.2323, -0.6171, -0.7518, 0.5934, -0.2648, 0.7036, -0.6594, 0.5321, 0, 0, 0, 1], [0.73, 0.9341, 0.3569, -0.0, 0.6707, 0.238, -0.6229, -0.7452, 0.6002, -0.266, 0.6961, -0.6669, 0.5326, 0, 0, 0, 1], [0.74, 0.9323, 0.3616, -0.0, 0.6646, 0.2438, -0.6287, -0.7385, 0.6069, -0.267, 0.6885, -0.6743, 0.533, 0, 0, 0, 1], [0.75, 0.9305, 0.3663, -0.0, 0.6585, 0.2497, -0.6343, -0.7317, 0.6135, -0.268, 0.6808, -0.6816, 0.5335, 0, 0, 0, 1], [0.76, 0.9287, 0.3709, -0.0, 0.6524, 0.2555, -0.6398, -0.7248, 0.62, -0.2689, 0.6731, -0.6889, 0.5339, 0, 0, 0, 1], [0.77, 0.9268, 0.3756, -0.0, 0.6461, 0.2614, -0.6452, -0.7179, 0.6265, -0.2696, 0.6654, -0.6961, 0.5343, 0, 0, 0, 1], [0.78, 0.9249, 0.3802, -0.0, 0.6398, 0.2674, -0.6505, -0.7109, 0.633, -0.2703, 0.6575, -0.7033, 0.5348, 0, 0, 0, 1], [0.79, 0.923, 0.3848, -0.0, 0.6335, 0.2733, -0.6557, -0.7038, 0.6393, -0.2708, 0.6496, -0.7104, 0.5352, 0, 0, 0, 1], [0.8, 0.9211, 0.3894, -0.0, 0.627, 0.2794, -0.6607, -0.6967, 0.6456, -0.2713, 0.6417, -0.7174, 0.5357, 0, 0, 0, 1], [0.81, 0.9191, 0.394, -0.0, 0.6205, 0.2854, -0.6657, -0.6895, 0.6519, -0.2717, 0.6337, -0.7243, 0.5361, 0, 0, 0, 1], [0.8200000000000001, 0.9171, 0.3986, -0.0, 0.614, 0.2914, -0.6705, -0.6822, 0.658, -0.2719, 0.6257, -0.7311, 0.5365, 0, 0, 0, 1], [0.8300000000000001, 0.9151, 0.4032, -0.0, 0.6074, 0.2975, -0.6753, -0.6749, 0.6641, -0.2721, 0.6176, -0.7379, 0.537, 0, 0, 0, 1], [0.84, 0.9131, 0.4078, -0.0, 0.6007, 0.3036, -0.6799, -0.6675, 0.6702, -0.2722, 0.6095, -0.7446, 0.5374, 0, 0, 0, 1], [0.85, 0.911, 0.4123, -0.0, 0.594, 0.3098, -0.6844, -0.66, 0.6762, -0.2721, 0.6013, -0.7513, 0.5378, 0, 0, 0, 1], [0.86, 0.909, 0.4169, -0.0, 0.5872, 0.3159, -0.6889, -0.6524, 0.6821, -0.272, 0.593, -0.7578, 0.5383, 0, 0, 0, 1], [0.87, 0.9069, 0.4214, -0.0, 0.5803, 0.3221, -0.6931, -0.6448, 0.6879, -0.2717, 0.5848, -0.7643, 0.5387, 0, 0, 0, 1], [0.88, 0.9048, 0.4259, -0.0, 0.5734, 0.3283, -0.6973, -0.6372, 0.6937, -0.2714, 0.5765, -0.7707, 0.5391, 0, 0, 0, 1], [0.89, 0.9026, 0.4305, -0.0, 0.5665, 0.3345, -0.7014, -0.6294, 0.6994, -0.2709, 0.5681, -0.7771, 0.5396, 0, 0, 0, 1], [0.9, 0.9004, 0.435, -0.0, 0.5594, 0.3407, -0.7053, -0.6216, 0.705, -0.2704, 0.5597, -0.7833, 0.54, 0, 0, 0, 1], [0.91, 0.8983, 0.4395, -0.0, 0.5524, 0.347, -0.7092, -0.6137, 0.7106, -0.2697, 0.5513, -0.7895, 0.5404, 0, 0, 0, 1], [0.92, 0.8961, 0.4439, -0.0, 0.5452, 0.3532, -0.7129, -0.6058, 0.716, -0.269, 0.5428, -0.7956, 0.5409, 0, 0, 0, 1], [0.93, 0.8938, 0.4484, -0.0, 0.5381, 0.3595, -0.7165, -0.5978, 0.7215, -0.2681, 0.5344, -0.8016, 0.5413, 0, 0, 0, 1], [0.9400000000000001, 0.8916, 0.4529, -0.0, 0.5308, 0.3657, -0.72, -0.5898, 0.7268, -0.2671, 0.5258, -0.8076, 0.5417, 0, 0, 0, 1], [0.9500000000000001, 0.8893, 0.4573, -0.0, 0.5235, 0.372, -0.7234, -0.5817, 0.7321, -0.266, 0.5173, -0.8134, 0.5422, 0, 0, 0, 1], [0.96, 0.887, 0.4618, -0.0, 0.5162, 0.3783, -0.7266, -0.5735, 0.7373, -0.2648, 0.5087, -0.8192, 0.5426, 0, 0, 0, 1], [0.97, 0.8847, 0.4662, -0.0, 0.5088, 0.3846, -0.7298, -0.5653, 0.7424, -0.2635, 0.5001, -0.8249, 0.543, 0, 0, 0, 1], [0.98, 0.8823, 0.4706, -0.0, 0.5013, 0.3909, -0.7328, -0.557, 0.7474, -0.2621, 0.4915, -0.8305, 0.5435, 0, 0, 0, 1], [0.99, 0.88, 0.475, -0.0, 0.4938, 0.3971, -0.7357, -0.5487, 0.7524, -0.2606, 0.4828, -0.836, 0.5439, 0, 0, 0, 1], [1.0, 0.8776, 0.4794, -0.0, 0.4863, 0.4034, -0.7385, -0.5403, 0.7573, -0.259, 0.4742, -0.8415, 0.5443, 0, 0, 0, 1], [1.01, 0.8752, 0.4838, -0.0, 0.4787, 0.4097, -0.7411, -0.5319, 0.7621, -0.2573, 0.4655, -0.8468, 0.5448, 0, 0, 0, 1], [1.02, 0.8727, 0.4882, -0.0, 0.471, 0.416, -0.7437, -0.5234, 0.7669, -0.2555, 0.4568, -0.8521, 0.5452, 0, 0, 0, 1], [1.03, 0.8703, 0.4925, -0.0, 0.4633, 0.4222, -0.7461, -0.5148, 0.7716, -0.2536, 0.448, -0.8573, 0.5456, 0, 0, 0, 1], [1.04, 0.8678, 0.4969, -0.0, 0.4556, 0.4285, -0.7484, -0.5062, 0.7762, -0.2515, 0.4393, -0.8624, 0.546, 0, 0, 0, 1], [1.05, 0.8653, 0.5012, -0.0, 0.4478, 0.4348, -0.7506, -0.4976, 0.7807, -0.2494, 0.4306, -0.8674, 0.5465, 0, 0, 0, 1], [1.06, 0.8628, 0.5055, -0.0, 0.44, 0.441, -0.7527, -0.4889, 0.7851, -0.2471, 0.4218, -0.8724, 0.5469, 0, 0, 0, 1], [1.07, 0.8603, 0.5098, -0.0, 0.4321, 0.4472, -0.7546, -0.4801, 0.7895, -0.2448, 0.413, -0.8772, 0.5473, 0, 0, 0, 1], [1.08, 0.8577, 0.5141, -0.0, 0.4242, 0.4534, -0.7565, -0.4713, 0.7938, -0.2423, 0.4043, -0.882, 0.5478, 0, 0, 0, 1], [1.09, 0.8551, 0.5184, -0.0, 0.4162, 0.4596, -0.7582, -0.4625, 0.798, -0.2398, 0.3955, -0.8866, 0.5482, 0, 0, 0, 1], [1.1, 0.8525, 0.5227, -0.0, 0.4082, 0.4658, -0.7598, -0.4536, 0.8021, -0.2371, 0.3867, -0.8912, 0.5486, 0, 0, 0, 1], [1.11, 0.8499, 0.5269, -0.0, 0.4002, 0.472, -0.7613, -0.4447, 0.8061, -0.2343, 0.3779, -0.8957, 0.549, 0, 0, 0, 1], [1.12, 0.8473, 0.5312, -0.0, 0.3921, 0.4781, -0.7626, -0.4357, 0.8101, -0.2314, 0.3691, -0.9001, 0.5495, 0, 0, 0, 1], [1.1300000000000001, 0.8446, 0.5354, -0.0, 0.384, 0.4842, -0.7639, -0.4267, 0.814, -0.2284, 0.3604, -0.9044, 0.5499, 0, 0, 0, 1], [1.1400000000000001, 0.8419, 0.5396, -0.0, 0.3758, 0.4903, -0.765, -0.4176, 0.8178, -0.2253, 0.3516, -0.9086, 0.5503, 0, 0, 0, 1], [1.1500000000000001, 0.8392, 0.5438, -0.0, 0.3676, 0.4964, -0.766, -0.4085, 0.8215, -0.2221, 0.3428, -0.9128, 0.5507, 0, 0, 0, 1], [1.16, 0.8365, 0.548, -0.0, 0.3594, 0.5024, -0.7669, -0.3993, 0.8251, -0.2188, 0.334, -0.9168, 0.5512, 0, 0, 0, 1], [1.17, 0.8337, 0.5522, -0.0, 0.3511, 0.5084, -0.7676, -0.3902, 0.8287, -0.2154, 0.3253, -0.9208, 0.5516, 0, 0, 0, 1], [1.18, 0.8309, 0.5564, -0.0, 0.3428, 0.5144, -0.7683, -0.3809, 0.8321, -0.2119, 0.3165, -0.9246, 0.552, 0, 0, 0, 1], [1.19, 0.8281, 0.5605, -0.0, 0.3345, 0.5204, -0.7688, -0.3717, 0.8355, -0.2083, 0.3078, -0.9284, 0.5524, 0, 0, 0, 1], [1.2, 0.8253, 0.5646, -0.0, 0.3261, 0.5263, -0.7692, -0.3624, 0.8388, -0.2046, 0.2991, -0.932, 0.5528, 0, 0, 0, 1], [1.21, 0.8225, 0.5688, -0.0, 0.3177, 0.5321, -0.7695, -0.353, 0.8421, -0.2008, 0.2904, -0.9356, 0.5533, 0, 0, 0, 1], [1.22, 0.8196, 0.5729, -0.0, 0.3093, 0.538, -0.7697, -0.3436, 0.8452, -0.1969, 0.2817, -0.9391, 0.5537, 0, 0, 0, 1], [1.23, 0.8168, 0.577, -0.0, 0.3008, 0.5438, -0.7698, -0.3342, 0.8482, -0.1928, 0.273, -0.9425, 0.5541, 0, 0, 0, 1], [1.24, 0.8139, 0.581, -0.0, 0.2923, 0.5495, -0.7698, -0.3248, 0.8512, -0.1887, 0.2643, -0.9458, 0.5545, 0, 0, 0, 1], [1.25, 0.811, 0.5851, -0.0, 0.2838, 0.5552, -0.7696, -0.3153, 0.8541, -0.1845, 0.2557, -0.949, 0.5549, 0, 0, 0, 1], [1.26, 0.808, 0.5891, -0.0, 0.2752, 0.5609, -0.7693, -0.3058, 0.8569, -0.1802, 0.2471, -0.9521, 0.5554, 0, 0, 0, 1], [1.27, 0.8051, 0.5932, -0.0, 0.2667, 0.5665, -0.7689, -0.2963, 0.8596, -0.1757, 0.2385, -0.9551, 0.5558, 0, 0, 0, 1], [1.28, 0.8021, 0.5972, -0.0, 0.258, 0.5721, -0.7684, -0.2867, 0.8622, -0.1712, 0.23, -0.958, 0.5562, 0, 0, 0, 1], [1.29, 0.7991, 0.6012, -0.0, 0.2494, 0.5777, -0.7678, -0.2771, 0.8648, -0.1666, 0.2214, -0.9608, 0.5566, 0, 0, 0, 1], [1.3, 0.7961, 0.6052, -0.0, 0.2407, 0.5831, -0.7671, -0.2675, 0.8672, -0.1619, 0.213, -0.9636, 0.557, 0, 0, 0, 1], [1.31, 0.793, 0.6092, -0.0, 0.2321, 0.5886, -0.7662, -0.2579, 0.8696, -0.1571, 0.2045, -0.9662, 0.5574, 0, 0, 0, 1], [1.32, 0.79, 0.6131, -0.0, 0.2234, 0.5939, -0.7653, -0.2482, 0.8718, -0.1522, 0.1961, -0.9687, 0.5579, 0, 0, 0, 1], [1.33, 0.7869, 0.6171, -0.0, 0.2146, 0.5993, -0.7642, -0.2385, 0.874, -0.1472, 0.1877, -0.9711, 0.5583, 0, 0, 0, 1], [1.34, 0.7838, 0.621, -0.0, 0.2059, 0.6045, -0.763, -0.2288, 0.8761, -0.1421, 0.1793, -0.9735, 0.5587, 0, 0, 0, 1], [1.35, 0.7807, 0.6249, -0.0, 0.1971, 0.6097, -0.7618, -0.219, 0.8782, -0.1369, 0.171, -0.9757, 0.5591, 0, 0, 0, 1], [1.36, 0.7776, 0.6288, -0.0, 0.1883, 0.6149, -0.7604, -0.2092, 0.8801, -0.1316, 0.1627, -0.9779, 0.5595, 0, 0, 0, 1], [1.37, 0.7744, 0.6327, -0.0, 0.1795, 0.62, -0.7589, -0.1994, 0.8819, -0.1262, 0.1545, -0.9799, 0.5599, 0, 0, 0, 1], [1.3800000000000001, 0.7712, 0.6365, -0.0, 0.1707, 0.625, -0.7573, -0.1896, 0.8837, -0.1207, 0.1463, -0.9819, 0.5603, 0, 0, 0, 1], [1.3900000000000001, 0.7681, 0.6404, -0.0, 0.1618, 0.6299, -0.7555, -0.1798, 0.8853, -0.1151, 0.1381, -0.9837, 0.5608, 0, 0, 0, 1], [1.4000000000000001, 0.7648, 0.6442, -0.0, 0.153, 0.6348, -0.7537, -0.17, 0.8869, -0.1095, 0.13, -0.9854, 0.5612, 0, 0, 0, 1], [1.41, 0.7616, 0.648, -0.0, 0.1441, 0.6397, -0.7518, -0.1601, 0.8884, -0.1038, 0.1219, -0.9871, 0.5616, 0, 0, 0, 1], [1.42, 0.7584, 0.6518, -0.0, 0.1352, 0.6444, -0.7498, -0.1502, 0.8898, -0.0979, 0.1139, -0.9887, 0.562, 0, 0, 0, 1], [1.43, 0.7551, 0.6556, -0.0, 0.1263, 0.6491, -0.7476, -0.1403, 0.8911, -0.092, 0.106, -0.9901, 0.5624, 0, 0, 0, 1], [1.44, 0.7518, 0.6594, -0.0, 0.1174, 0.6538, -0.7454, -0.1304, 0.8923, -0.086, 0.0981, -0.9915, 0.5628, 0, 0, 0, 1], [1.45, 0.7485, 0.6631, -0.0, 0.1085, 0.6583, -0.743, -0.1205, 0.8934, -0.0799, 0.0902, -0.9927, 0.5632, 0, 0, 0, 1], [1.46, 0.7452, 0.6669, -0.0, 0.0995, 0.6628, -0.7406, -0.1106, 0.8945, -0.0737, 0.0824, -0.9939, 0.5636, 0, 0, 0, 1], [1.47, 0.7418, 0.6706, -0.0, 0.0906, 0.6672, -0.7381, -0.1006, 0.8954, -0.0675, 0.0746, -0.9949, 0.564, 0, 0, 0, 1], [1.48, 0.7385, 0.6743, -0.0, 0.0816, 0.6715, -0.7354, -0.0907, 0.8963, -0.0611, 0.067, -0.9959, 0.5644, 0, 0, 0, 1], [1.49, 0.7351, 0.678, -0.0, 0.0726, 0.6758, -0.7327, -0.0807, 0.8971, -0.0547, 0.0593, -0.9967, 0.5648, 0, 0, 0, 1], [1.5, 0.7317, 0.6816, -0.0, 0.0637, 0.6799, -0.7299, -0.0707, 0.8977, -0.0482, 0.0518, -0.9975, 0.5652, 0, 0, 0, 1], [1.51, 0.7283, 0.6853, -0.0, 0.0547, 0.684, -0.7269, -0.0608, 0.8983, -0.0416, 0.0442, -0.9982, 0.5656, 0, 0, 0, 1], [1.52, 0.7248, 0.6889, -0.0, 0.0457, 0.688, -0.7239, -0.0508, 0.8988, -0.035, 0.0368, -0.9987, 0.5661, 0, 0, 0, 1], [1.53, 0.7214, 0.6925, -0.0, 0.0367, 0.692, -0.7208, -0.0408, 0.8993, -0.0282, 0.0294, -0.9992, 0.5665, 0, 0, 0, 1], [1.54, 0.7179, 0.6961, -0.0, 0.0277, 0.6958, -0.7176, -0.0308, 0.8996, -0.0214, 0.0221, -0.9995, 0.5669, 0, 0, 0, 1], [1.55, 0.7144, 0.6997, -0.0, 0.0187, 0.6996, -0.7143, -0.0208, 0.8998, -0.0146, 0.0149, -0.9998, 0.5673, 0, 0, 0, 1], [1.56, 0.7109, 0.7033, -0.0, 0.0097, 0.7032, -0.7109, -0.0108, 0.8999, -0.0076, 0.0077, -0.9999, 0.5677, 0, 0, 0, 1], [1.57, 0.7074, 0.7068, -0.0, 0.0007, 0.7068, -0.7074, -0.0008, 0.9, -0.0006, 0.0006, -1.0, 0.5681, 0, 0, 0, 1], [1.58, 0.7038, 0.7104, -0.0, -0.0083, 0.7103, -0.7038, 0.0092, 0.9, 0.0065, -0.0065, -1.0, 0.5685, 0, 0, 0, 1], [1.59, 0.7003, 0.7139, -0.0, -0.0173, 0.7137, -0.7002, 0.0192, 0.8998, 0.0137, -0.0134, -0.9998, 0.5689, 0, 0, 0, 1], [1.6, 0.6967, 0.7174, -0.0, -0.0263, 0.7171, -0.6964, 0.0292, 0.8996, 0.0209, -0.0203, -0.9996, 0.5693, 0, 0, 0, 1], [1.61, 0.6931, 0.7208, -0.0, -0.0353, 0.7203, -0.6926, 0.0392, 0.8993, 0.0283, -0.0272, -0.9992, 0.5697, 0, 0, 0, 1], [1.62, 0.6895, 0.7243, -0.0, -0.0443, 0.7234, -0.6887, 0.0492, 0.8989, 0.0356, -0.0339, -0.9988, 0.5701, 0, 0, 0, 1], [1.6300000000000001, 0.6859, 0.7277, -0.0, -0.0533, 0.7265, -0.6847, 0.0592, 0.8984, 0.0431, -0.0406, -0.9982, 0.5705, 0, 0, 0, 1], [1.6400000000000001, 0.6822, 0.7311, -0.0, -0.0622, 0.7294, -0.6806, 0.0691, 0.8978, 0.0506, -0.0472, -0.9976, 0.5709, 0, 0, 0, 1], [1.6500000000000001, 0.6786, 0.7345, -0.0, -0.0712, 0.7322, -0.6764, 0.0791, 0.8972, 0.0581, -0.0537, -0.9969, 0.5713, 0, 0, 0, 1], [1.6600000000000001, 0.6749, 0.7379, -0.0, -0.0802, 0.735, -0.6722, 0.0891, 0.8964, 0.0657, -0.0601, -0.996, 0.5717, 0, 0, 0, 1], [1.67, 0.6712, 0.7413, -0.0, -0.0891, 0.7377, -0.6679, 0.099, 0.8956, 0.0734, -0.0665, -0.9951, 0.572, 0, 0, 0, 1], [1.68, 0.6675, 0.7446, -0.0, -0.0981, 0.7402, -0.6635, 0.109, 0.8946, 0.0812, -0.0727, -0.994, 0.5724, 0, 0, 0, 1], [1.69, 0.6637, 0.748, -0.0, -0.107, 0.7427, -0.659, 0.1189, 0.8936, 0.0889, -0.0789, -0.9929, 0.5728, 0, 0, 0, 1], [1.7, 0.66, 0.7513, -0.0, -0.116, 0.745, -0.6545, 0.1288, 0.8925, 0.0968, -0.085, -0.9917, 0.5732, 0, 0, 0, 1], [1.71, 0.6562, 0.7546, -0.0, -0.1249, 0.7473, -0.6499, 0.1388, 0.8913, 0.1047, -0.0911, -0.9903, 0.5736, 0, 0, 0, 1], [1.72, 0.6524, 0.7578, -0.0, -0.1338, 0.7494, -0.6452, 0.1487, 0.89, 0.1127, -0.097, -0.9889, 0.574, 0, 0, 0, 1], [1.73, 0.6486, 0.7611, -0.0, -0.1427, 0.7515, -0.6404, 0.1585, 0.8886, 0.1207, -0.1028, -0.9874, 0.5744, 0, 0, 0, 1], [1.74, 0.6448, 0.7643, -0.0, -0.1516, 0.7534, -0.6356, 0.1684, 0.8871, 0.1287, -0.1086, -0.9857, 0.5748, 0, 0, 0, 1], [1.75, 0.641, 0.7675, -0.0, -0.1604, 0.7553, -0.6307, 0.1782, 0.8856, 0.1368, -0.1143, -0.984, 0.5752, 0, 0, 0, 1], [1.76, 0.6372, 0.7707, -0.0, -0.1693, 0.757, -0.6258, 0.1881, 0.8839, 0.145, -0.1198, -0.9822, 0.5756, 0, 0, 0, 1], [1.77, 0.6333, 0.7739, -0.0, -0.1781, 0.7586, -0.6208, 0.1979, 0.8822, 0.1531, -0.1253, -0.9802, 0.576, 0, 0, 0, 1], [1.78, 0.6294, 0.7771, -0.0, -0.1869, 0.7601, -0.6157, 0.2077, 0.8804, 0.1614, -0.1307, -0.9782, 0.5763, 0, 0, 0, 1], [1.79, 0.6255, 0.7802, -0.0, -0.1957, 0.7615, -0.6106, 0.2175, 0.8785, 0.1697, -0.136, -0.9761, 0.5767, 0, 0, 0, 1], [1.8, 0.6216, 0.7833, -0.0, -0.2045, 0.7628, -0.6054, 0.2272, 0.8765, 0.178, -0.1412, -0.9738, 0.5771, 0, 0, 0, 1], [1.81, 0.6177, 0.7864, -0.0, -0.2132, 0.764, -0.6001, 0.2369, 0.8744, 0.1863, -0.1463, -0.9715, 0.5775, 0, 0, 0, 1], [1.82, 0.6137, 0.7895, -0.0, -0.222, 0.7651, -0.5948, 0.2466, 0.8722, 0.1947, -0.1514, -0.9691, 0.5779, 0, 0, 0, 1], [1.83, 0.6098, 0.7926, -0.0, -0.2307, 0.7661, -0.5894, 0.2563, 0.8699, 0.2031, -0.1563, -0.9666, 0.5783, 0, 0, 0, 1], [1.84, 0.6058, 0.7956, -0.0, -0.2394, 0.7669, -0.584, 0.266, 0.8676, 0.2116, -0.1611, -0.964, 0.5787, 0, 0, 0, 1], [1.85, 0.6018, 0.7986, -0.0, -0.248, 0.7677, -0.5785, 0.2756, 0.8651, 0.2201, -0.1659, -0.9613, 0.579, 0, 0, 0, 1], [1.