<html>
<style>
.controller:hover{opacity:1 !important;}
</style>
<body>
<div id='canvas_container_16529695987346456' style='width:500px;height:500px;position:relative'>
<div id='loading_screen_16529695987346456' style='width:500px;height:500px;position:relative; background-color: #191919;text-align:center;align-items:center;display:flex;justify-content:center'> 
 <img src='https://raw.githubusercontent.com/viniciusmgn/uaibot_content/master/contents/SVG/logo_uai_bot.svg' style='width:200px;height:114px'/>
 </div>
<script id='MathJax-script' async src='https://cdn.jsdelivr.net/npm/mathjax@3.0.1/es5/tex-mml-chtml.js'></script>
<canvas id='scene_16529695987346456' width='500px' height='500px'></canvas>
<!-- USER DIVS GO HERE --><div class = 'controller' style='width:500px;height:30px;'></div>
</div>

 <script type="module">
import { Object3D, Vector3, BoxBufferGeometry, Color, Mesh, MeshBasicMaterial, PerspectiveCamera, OrthographicCamera,
Scene, WebGLRenderer, AmbientLight, DirectionalLight, HemisphereLight, MeshStandardMaterial,
AxesHelper, GridHelper, Matrix4, SphereBufferGeometry, CylinderBufferGeometry, Group, LoadingManager, MeshPhysicalMaterial, Vector2, FrontSide,
	BackSide, DoubleSide, PMREMGenerator, TextureLoader, PointLight, UVMapping, CubeReflectionMapping, CubeRefractionMapping,
	EquirectangularReflectionMapping, EquirectangularRefractionMapping, CubeUVReflectionMapping,
	CubeUVRefractionMapping, RepeatWrapping, ClampToEdgeWrapping, MirroredRepeatWrapping,
	NearestFilter, LinearFilter, NearestMipmapNearestFilter, NearestMipmapLinearFilter, LinearMipmapNearestFilter,
	LinearMipmapLinearFilter, BufferGeometry, Float32BufferAttribute, PointsMaterial, Points, ArrowHelper, TextGeometry, CubeTextureLoader,sRGBEncoding
} from 'https://cdn.skypack.dev/three@0.135.0/build/three.module.js';
import { OrbitControls } from 'https://cdn.skypack.dev/three@0.135.0/examples/jsm/controls/OrbitControls.js';
import {OBJLoader} from 'https://cdn.skypack.dev/three@0.135.0/examples/jsm/loaders/OBJLoader.js';
import {STLLoader} from 'https://cdn.skypack.dev/three@0.135.0/examples/jsm/loaders/STLLoader.js';
import {ColladaLoader} from 'https://cdn.skypack.dev/three@0.135.0/examples/jsm/loaders/ColladaLoader.js';
import {GUI} from 'https://cdn.skypack.dev/dat.gui';


//0.126.1 0.137.5
import { RoomEnvironment } from 'https://unpkg.com/three@0.126.1/examples/jsm/environments/RoomEnvironment.js';

//--------------------SIMULATION ELEMENTS---------------------

const delay = 500; 
 const maxTime = 0; 
 const cameraType= 'perspective'; 
 const sceneID= '16529695987346456'; 
 const showWorldFrame=true; 
 const showGrid=true; 
 const backgroundColor='#191919'; 
 const ambientLightIntensity = 5;
 const ldrUrls = ['https://raw.githubusercontent.com/viniciusmgn/uaibot_content/master/contents/LDR/factory_px.png', 'https://raw.githubusercontent.com/viniciusmgn/uaibot_content/master/contents/LDR/factory_nx.png', 'https://raw.githubusercontent.com/viniciusmgn/uaibot_content/master/contents/LDR/factory_py.png', 'https://raw.githubusercontent.com/viniciusmgn/uaibot_content/master/contents/LDR/factory_ny.png', 'https://raw.githubusercontent.com/viniciusmgn/uaibot_content/master/contents/LDR/factory_nz.png', 'https://raw.githubusercontent.com/viniciusmgn/uaibot_content/master/contents/LDR/factory_nz.png'];
 const cameraStartPose = [1.76, 1.1, 1.45, -0.64, 0.76, 2.39, 1.0];
 //SIMULATION PARAMETERS GO HERE

function elapsedMs()
{
	return (new Date()).getTime();
}


class Objsim{
	constructor(_frames){
		this.frames = _frames;
		this.currentFrame = 0;
		this.shape = "I HAVE NO SHAPE YET";
	}

	hasLoaded()
	{
		return true;
	}

	nextFrame(){
		while( (this.currentFrame < this.frames.length-1) && ( 1000 * this.frames[this.currentFrame+1][0] + delay < (elapsedMs() - startMs)) )
		{
			this.currentFrame += 1;
		}
	}
	setFrameTime(time)
	{
		this.currentFrame = 0;
		while( (this.currentFrame < this.frames.length-1) && ( this.frames[this.currentFrame+1][0] < time) )
		{
			this.currentFrame += 1;
		}
	}
	showFrame(){
		this.shape.matrix.set( this.frames[this.currentFrame][ 1],this.frames[this.currentFrame][ 2],this.frames[this.currentFrame][ 3],this.frames[this.currentFrame][ 4],
							   this.frames[this.currentFrame][ 5],this.frames[this.currentFrame][ 6],this.frames[this.currentFrame][ 7],this.frames[this.currentFrame][ 8],
							   this.frames[this.currentFrame][ 9],this.frames[this.currentFrame][10],this.frames[this.currentFrame][11],this.frames[this.currentFrame][12],
							   this.frames[this.currentFrame][13],this.frames[this.currentFrame][14],this.frames[this.currentFrame][15],this.frames[this.currentFrame][16]);


	}
	setEnvMap(envMap)
	{
		this.shape.material.envMap = envMap;
		this.shape.material.needsUpdate = true;
	}
}

class Box extends Objsim{
	constructor(_width, _height, _depth, _frames, _material){
		super(_frames);
		this.width = _width;
		this.height = _height;
		this.depth = _depth;
		const geometry = new BoxBufferGeometry( this.width, this.height, this.depth);
		const cube = new Mesh( geometry, _material );
		cube.matrixAutoUpdate = false;
		this.shape = cube;
	}
}

class Ball extends Objsim{
	constructor(_radius, _frames, _material){
		super(_frames);
		this.radius = _radius;
		const geometry = new SphereBufferGeometry( this.radius, 64, 32);
		const sphere = new Mesh( geometry, _material);
		sphere.matrixAutoUpdate = false;
		this.shape = sphere;
	}
}

class Cylinder extends Objsim{
	constructor(_radius, _height, _frames, _material){
		super(_frames);
		this.radius = _radius;
		this.height = _height;
		const geometry = new CylinderBufferGeometry( this.radius, this.radius, this.height, 20 );
		const cylinder = new Mesh( geometry, _material);
		cylinder.matrixAutoUpdate = false;
		this.shape = cylinder;
	}
}

class PointCloud extends Objsim{

	constructor(_points, _frames, _color, _size) {
		super(_frames);

		this.color = _color;
		this.points = _points
		this.size = _size;

		const vertices = []
		const geometry = new BufferGeometry();
		geometry.setAttribute('position', new Float32BufferAttribute(vertices, 3));
		const material = new PointsMaterial({color: this.color, size: this.size});
		this.shape  = new Points(geometry, material);
	}

	showFrame(){
		const vertices = [];

		for (let i = this.frames[this.currentFrame][1]; i < this.frames[this.currentFrame][2]; i++) {
			vertices.push(this.points[0][i], this.points[1][i], this.points[2][i]);
		}

		this.shape.geometry.setAttribute('position', new Float32BufferAttribute(vertices, 3));

	}

	setEnvMap(envMap) {}

}

class RigidObject extends Objsim
{

	constructor(_frames, _list_3dobject) {
		super(_frames);

		this.shape = new Group();
		this.shape.matrixAutoUpdate = false;

		const manager = new LoadingManager();

		let loader;

		for (let i = 0; i < _list_3dobject.length; i++) {
			const _3dobject = _list_3dobject[i];
			if (_3dobject.type === 'obj') {
				loader = new OBJLoader(manager);
				loader.load(_3dobject.url, (root) => {

					root.scale.set(_3dobject.scale, _3dobject.scale, _3dobject.scale);
					root.applyMatrix4(_3dobject.matrix)

					root.traverse(function (child) {
						if (child instanceof Mesh) {
							child.material = _3dobject.mesh_material;
						}
					});

					this.shape.add(root);
				});
			}
			if (_3dobject.type === 'stl') {
				loader = new STLLoader(manager);
				loader.load(_3dobject.url, (root) => {
					const mesh = new Mesh(root);

					mesh.scale.set(_3dobject.scale, _3dobject.scale, _3dobject.scale);
					mesh.applyMatrix4(_3dobject.matrix)

					mesh.traverse(function (child) {
						if (child instanceof Mesh) {
							child.material = _3dobject.mesh_material;
						}
					});

					this.shape.add(mesh);
				});
			}
			if (_3dobject.type === 'dae') {
				loader = new ColladaLoader(manager);
				loader.load(_3dobject.url, (root) => {
					const group = root.scene;

					group.scale.set(_3dobject.scale, _3dobject.scale, _3dobject.scale);
					group.applyMatrix4(_3dobject.matrix)

					group.traverse(function (child) {
						if (child instanceof Mesh) {
							child.material = _3dobject.mesh_material;
						}
					});

					this.shape.add(group);
				});
			}
		}

	}

	setEnvMapTemp(variable, envMap)
	{
		if(variable instanceof Mesh)
		{
			variable.material.envMap = envMap;
			variable.material.needsUpdate  = true;
		}
		else if (variable instanceof Group)
		{
			for(let i=0; i < variable.children.length; i++)
			{
				this.setEnvMapTemp(variable.children[i]);
			}
		}
	}
	setEnvMap(envMap) {
		this.setEnvMapTemp(this.shape, envMap);
	}

}

class Vector extends Objsim {


	constructor(_frames, _color, _thickness, _origin, _dir, _length) {
		super(_frames);

		this.color = _color;
		this.thickness = _thickness
		this.origin = new Vector3(_origin[0], _origin[1], _origin[2]);
		this.dir =  new Vector3(_dir[0], _dir[1], _dir[2]);
		this._length = length

		this.shape = new ArrowHelper( this.dir, this.origin, this.length, this.color );
		this.shape.line.material.linewidth = this.thickness;

	}

	showFrame() {
		this.shape.setLength(this.frames[this.currentFrame][3]);
		const dir = this.frames[this.currentFrame][2];
		const origin = this.frames[this.currentFrame][1];

		this.shape.setDirection(new Vector3(dir[0], dir[1], dir[2]));
		this.shape.position.set(origin[0], origin[1], origin[2]);
	}
	setEnvMap(envMap) {}
}

class PointLightSim extends Objsim {


	constructor(_frames) {
		super(_frames);
		this.shape = new PointLight(this.frames[0][1],this.frames[0][2],this.frames[0][3]);
		this.shape.position.set(this.frames[0][4][0],this.frames[0][4][1],this.frames[0][4][2]);
	}

	showFrame() {
		this.shape.color.set(this.frames[this.currentFrame][1]);
		this.shape.intensity = this.frames[this.currentFrame][2];
		this.shape.distance = this.frames[this.currentFrame][3];
		this.shape.position.set(this.frames[this.currentFrame][4][0],this.frames[this.currentFrame][4][1],this.frames[this.currentFrame][4][2]);
	}
	setEnvMap(envMap) {}
}

class HTMLDiv extends Objsim{

	constructor(_id, _frames){
		super(_frames);
		this.id = _id;
		this.shape = undefined;
	}

	showFrame() {
		var element = document.getElementById(this.id);

		element.innerHTML = this.frames[this.currentFrame][1];
		element.style.position = "absolute";
		element.style = this.frames[this.currentFrame][2];
	}
	setEnvMap(envMap) {}
}

class Robot extends Objsim{

	constructor(_objBase, _link, _frames, _htm_base_0, _htm_n_eef, _eef_frame_visible){
		super(_frames);

		this.loadedObjs = 0
		this.links = _link;

		this.totalNumberOfObjects = _objBase.length;

		for(let i=0; i<this.links.length; i++)
		{
			this.totalNumberOfObjects+= this.links[i].model3d.length;
		}

		this.htm_base_0 = _htm_base_0;

		//Function that creates a generic robot
		const base = new Group();
		base.name = "base";

		const baseFrame = new Group();
		baseFrame.name = "baseFrame";
		baseFrame.applyMatrix4(this.htm_base_0);


		//Create link groups
		let linkGroupList = [];

		for (let i = 0; i <= this.links.length; i++) {

			var linkGroup = new Group();
			linkGroup.name = "linkFrame" + i.toString();
			linkGroupList.push(linkGroup);

			linkGroup = new Group();
			linkGroup.name = "link" + i.toString();
			var axesHelper = new AxesHelper(0.2);
			axesHelper.matrixAutoUpdate = false;
			axesHelper.visible = true;
			linkGroup.add(axesHelper)

			if (i < this.links.length) {
				linkGroup.rotateZ(this.links[i].theta);
				linkGroup.translateZ(this.links[i].d);
				linkGroup.rotateX(this.links[i].alpha);
				linkGroup.translateX(this.links[i].a);
			}


			linkGroup.updateMatrix();

			linkGroupList.push(linkGroup);
		}

		var linkGroup = new Group();
		linkGroup.name = "eefFrame";
		linkGroupList.push(linkGroup);

		linkGroup = new Group();
		linkGroup.name = "eef";
		var axesHelper = new AxesHelper(0.2);
		axesHelper.matrixAutoUpdate = false;
		axesHelper.visible = _eef_frame_visible;
		linkGroup.add(axesHelper);
		linkGroup.applyMatrix4(_htm_n_eef)
		linkGroup.updateMatrix();
		linkGroupList.push(linkGroup);


		base.add(baseFrame)
		baseFrame.add(linkGroupList[0])

		for (let i = 0; i < linkGroupList.length-1; i++) {
			linkGroupList[i].add(linkGroupList[i + 1])
		}

		//Load 3D models

		this.shape = base;
		this.shape.matrixAutoUpdate = false;

		this.loadObj(_objBase,"base", "base", false)
		for (let i = 0; i < this.links.length-1; i++) {
			this.loadObj(this.links[i].model3d,"link" + (i+1).toString(), "link" + (i).toString(), this.links[i].showFrame)
		}
		this.loadObj(this.links[this.links.length-1].model3d,"link" + (this.links.length).toString(), "link" + (this.links.length).toString(), false)

		this.delta_config = []

		for (let i = 0; i < this.links.length; i++) {
			if(this.links[i].jointType == 0)
			{
				this.delta_config.push(this.shape.getObjectByName("link" + (i).toString()).rotation.z)
			}
			if(this.links[i].jointType == 1)
			{
				this.delta_config.push(this.shape.getObjectByName("link" + (i).toString()).position.z)

			}
		}

	}

	loadObj(obj, name1, name2, axisVisible) {

		const manager = new LoadingManager();
		const objLoader = new OBJLoader(manager);
		const stlLoader = new STLLoader(manager);
		const colladaLoader = new ColladaLoader(manager);

		for (let i = 0; i < obj.length; i++) {


			if (obj[i].type == "obj") {
				objLoader.load(obj[i].url, (root) => {
					root.scale.set(obj[i].scale, obj[i].scale, obj[i].scale);
					root.applyMatrix4(obj[i].matrix)

					root.traverse(function (child) {
						if (child instanceof Mesh) {
							child.material = obj[i].mesh_material;
						}
					});

					this.shape.getObjectByName(name2).add(root);
					this.loadedObjs += 1
				});
			}
			if (obj[i].type == "stl") {
				stlLoader.load(obj[i].url, (root) => {
					const mesh = new Mesh(root);
					mesh.scale.set(obj[i].scale, obj[i].scale, obj[i].scale);
					mesh.applyMatrix4(obj[i].matrix)

					mesh.traverse(function (child) {
						if (child instanceof Mesh) {
							child.material = obj[i].mesh_material;
						}
					});

					this.shape.getObjectByName(name2).add(mesh);
					this.loadedObjs += 1
				});
			}
			if (obj[i].type == "dae") {
				colladaLoader.load(obj[i].url, (root) => {
					const group = root.scene;
					group.scale.set(obj[i].scale, obj[i].scale, obj[i].scale);
					group.applyMatrix4(obj[i].matrix)

					group.traverse(function (child) {
						if (child instanceof Mesh) {
							child.material = obj[i].mesh_material;
						}
					});

					this.shape.getObjectByName(name2).add(group);
					this.loadedObjs += 1
				});
			}

		}

		this.shape.getObjectByName(name1).getObjectByProperty("type", "AxesHelper").visible = axisVisible;
	}

	hasLoaded()
	{
		return this.loadedObjs == this.totalNumberOfObjects;
	}

	//Function that updates frames
	showFrame(){
		//setting robot position
		this.shape.matrix.set( this.frames[this.currentFrame][ 1],this.frames[this.currentFrame][ 2],this.frames[this.currentFrame][ 3],this.frames[this.currentFrame][ 4],
							   this.frames[this.currentFrame][ 5],this.frames[this.currentFrame][ 6],this.frames[this.currentFrame][ 7],this.frames[this.currentFrame][ 8],
							   this.frames[this.currentFrame][ 9],this.frames[this.currentFrame][10],this.frames[this.currentFrame][11],this.frames[this.currentFrame][12],
							   this.frames[this.currentFrame][13],this.frames[this.currentFrame][14],this.frames[this.currentFrame][15],this.frames[this.currentFrame][16]);
		//setting robot configuration

		if(this.frames[this.currentFrame][17] != undefined){

			for(let i = 0; i < this.links.length; i++){
				const linkName = "linkFrame" + (i).toString();

				if(this.links[i].jointType == 0){
					this.shape.getObjectByName(linkName).rotation.z = this.frames[this.currentFrame][17][i] + this.delta_config[i];
				}else if (this.links[i].jointType == 1){
					this.shape.getObjectByName(linkName).position.z = this.frames[this.currentFrame][17][i] + this.delta_config[i];
				}

			}
		}
	}

	setEnvMapTemp(variable, envMap)
	{
		if(variable instanceof Mesh)
		{
			variable.material.envMap = envMap;
			variable.material.needsUpdate  = true;
		}
		else if (variable instanceof Group)
		{
			for(let i=0; i < variable.children.length; i++)
			{
				this.setEnvMapTemp(variable.children[i]);
			}
		}
	}
	setEnvMap(envMap) {
		this.setEnvMapTemp(this.shape, envMap);
	}
}

//------------------------------------------------------------

//--------------- BASIC ELEMENTS OF ANY SCENE ----------------

Object3D.DefaultUp = new Vector3(0,0,1); //Pointing Z axis up
const canvas = document.getElementById('scene_'+sceneID);// Selecting canvas

const scene = new Scene();//Instantiate the Scene
scene.background = new Color(backgroundColor);//Set background color

let camera;

if (cameraType == "perspective") {
	camera = new PerspectiveCamera(60, canvas.clientWidth / canvas.clientHeight, 0.1, 100);//Instantiate a camera
}
if (cameraType == "orthographic") {
	camera = new OrthographicCamera(-3.2, 3.2, 2.4, -2.4, 0.01, 100);
}



var ambientLight = new HemisphereLight('white','darkslategrey', 3);//Instantiate Ambient light
ambientLight.intensity = ambientLightIntensity;
scene.add(ambientLight);

const controls = new OrbitControls(camera, canvas);	//Instantiate orbit controls
//controls.target.set(0, 0, 0);//Point camera at the origin

camera.position.set(cameraStartPose[0], cameraStartPose[1], cameraStartPose[2]);
camera.rotation.set(cameraStartPose[3], cameraStartPose[4], cameraStartPose[5]);
camera.zoom = cameraStartPose[6];
camera.updateProjectionMatrix();

const renderer = new WebGLRenderer({canvas, antialias: true});//Instantiate renderer
renderer.physicallyCorrectLights = true;//Enable physically Correct Lights
renderer.setSize(canvas.clientWidth, canvas.clientHeight);//Set render size
renderer.setPixelRatio(window.devicePixelRatio);//Set pixel ratio

let sceneElements = [];

if (showWorldFrame) {
	const axesHelper = new AxesHelper(0.5);
	axesHelper.renderOrder = 1;
	scene.add(axesHelper);
}

if (showGrid) {
	const gridHelper = new GridHelper(3, 6);
	scene.add(gridHelper);
	gridHelper.rotation.x = 3.14 / 2;
}





//------------------------------------------------------------

//--------------- ADDING ELEMENTS TO THIS SCENE ---------------

//BEGIN DECLARATION OF THE GROUP 'genGroup'


//BEGIN DECLARATION OF THE ROBOT 'darwin_mini__arm_left'

const object3d_base_darwin_mini__arm_left_list = [];


const list_links_darwin_mini__arm_left = [];

const object3d_link_0_darwin_mini__arm_left_list = [];

const material_link_0_darwin_mini__arm_left_obj_0 = new MeshPhysicalMaterial({
opacity: 1,
side: DoubleSide,
transparent: false,
aoMapIntensity: 1,
bumpScale: 1,
color: "#3e3f42",
emissive: "black",
emissiveIntensity: 1,
envMapIntensity: 1,
flatShading: false,
lightMapIntensity: 1,
metalness: 0.5,
normalScale: new Vector2(0.5,0.5),
refractionRatio: 0.98,
roughness: 0.5,
clearcoat: 0,
clearcoatNormalScale: new Vector2(1,1),
clearcoatRoughness: 0,
ior: 1.5,
reflectivity: 0.5,
sheen: 0,
sheenRoughness: 1,
sheenColor: "white",
specularIntensity: 0,
specularColor: "white",
transmission: 0,
});

const htm_link_0_darwin_mini__arm_left_obj_0 = new Matrix4(); 
htm_link_0_darwin_mini__arm_left_obj_0.set(-1.2682720583257433e-06,-0.9999987317275395,0.001592652411507351,0.385,0.9999996829318346,-9.75218648164183e-20,0.0007963267107332021,-0.405,-0.0007963257007739653,0.0015926529164868894,0.9999984146597762,-0.315,0.0,0.0,0.0,1.0);
const object3d_link_0_darwin_mini__arm_left_obj_0={
url: 'https://raw.githubusercontent.com/viniciusmgn/uaibot_content/master/contents/DarwinMini/darwin_ext_01.obj',
scale: 0.004,
matrix: htm_link_0_darwin_mini__arm_left_obj_0,
type: 'obj',
mesh_material: material_link_0_darwin_mini__arm_left_obj_0};

object3d_link_0_darwin_mini__arm_left_list.push(object3d_link_0_darwin_mini__arm_left_obj_0);

const link_0_darwin_mini__arm_left = {
theta: 0, 
d: 0.08, 
a: 0.05, 
alpha: 1.5707963267948966, 
jointType: 0, 
showFrame: false,
model3d: object3d_link_0_darwin_mini__arm_left_list}; 
 
list_links_darwin_mini__arm_left.push(link_0_darwin_mini__arm_left);

const object3d_link_1_darwin_mini__arm_left_list = [];

const material_link_1_darwin_mini__arm_left_obj_0 = new MeshPhysicalMaterial({
opacity: 1,
side: DoubleSide,
transparent: false,
aoMapIntensity: 1,
bumpScale: 1,
color: "#302b2b",
emissive: "black",
emissiveIntensity: 1,
envMapIntensity: 1,
flatShading: false,
lightMapIntensity: 1,
metalness: 1,
normalScale: new Vector2(0.5,0.5),
refractionRatio: 0.98,
roughness: 0.5,
clearcoat: 0,
clearcoatNormalScale: new Vector2(1,1),
clearcoatRoughness: 0,
ior: 1.5,
reflectivity: 0.5,
sheen: 0,
sheenRoughness: 1,
sheenColor: "white",
specularIntensity: 0,
specularColor: "white",
transmission: 0,
});

const htm_link_1_darwin_mini__arm_left_obj_0 = new Matrix4(); 
htm_link_1_darwin_mini__arm_left_obj_0.set(0.22482289738491157,-0.9743986761575443,-0.0013728488185255207,0.1063210124680479,0.9743993178758038,0.22482144772933169,0.0011340035518374795,-0.4836975363077748,-0.0007963257007739833,-0.0015926529164867532,0.9999984146597762,-0.3136810661060602,0.0,0.0,0.0,1.0);
const object3d_link_1_darwin_mini__arm_left_obj_0={
url: 'https://raw.githubusercontent.com/viniciusmgn/uaibot_content/master/contents/DarwinMini/XL-320.obj',
scale: 0.004,
matrix: htm_link_1_darwin_mini__arm_left_obj_0,
type: 'obj',
mesh_material: material_link_1_darwin_mini__arm_left_obj_0};

object3d_link_1_darwin_mini__arm_left_list.push(object3d_link_1_darwin_mini__arm_left_obj_0);
const material_link_1_darwin_mini__arm_left_obj_1 = new MeshPhysicalMaterial({
opacity: 1,
side: DoubleSide,
transparent: false,
aoMapIntensity: 1,
bumpScale: 1,
color: "#3e3f42",
emissive: "black",
emissiveIntensity: 1,
envMapIntensity: 1,
flatShading: false,
lightMapIntensity: 1,
metalness: 0.5,
normalScale: new Vector2(0.5,0.5),
refractionRatio: 0.98,
roughness: 0.5,
clearcoat: 0,
clearcoatNormalScale: new Vector2(1,1),
clearcoatRoughness: 0,
ior: 1.5,
reflectivity: 0.5,
sheen: 0,
sheenRoughness: 1,
sheenColor: "white",
specularIntensity: 0,
specularColor: "white",
transmission: 0,
});

const htm_link_1_darwin_mini__arm_left_obj_1 = new Matrix4(); 
htm_link_1_darwin_mini__arm_left_obj_1.set(0.22482289738491157,-0.9743986761575443,-0.0013728488185255207,0.1063210124680479,0.9743993178758038,0.22482144772933169,0.0011340035518374795,-0.4836975363077748,-0.0007963257007739833,-0.0015926529164867532,0.9999984146597762,-0.3136810661060602,0.0,0.0,0.0,1.0);
const object3d_link_1_darwin_mini__arm_left_obj_1={
url: 'https://raw.githubusercontent.com/viniciusmgn/uaibot_content/master/contents/DarwinMini/SPO.obj',
scale: 0.004,
matrix: htm_link_1_darwin_mini__arm_left_obj_1,
type: 'obj',
mesh_material: material_link_1_darwin_mini__arm_left_obj_1};

object3d_link_1_darwin_mini__arm_left_list.push(object3d_link_1_darwin_mini__arm_left_obj_1);
const material_link_1_darwin_mini__arm_left_obj_2 = new MeshPhysicalMaterial({
opacity: 1,
side: DoubleSide,
transparent: false,
aoMapIntensity: 1,
bumpScale: 1,
color: "#3e3f42",
emissive: "black",
emissiveIntensity: 1,
envMapIntensity: 1,
flatShading: false,
lightMapIntensity: 1,
metalness: 0.5,
normalScale: new Vector2(0.5,0.5),
refractionRatio: 0.98,
roughness: 0.5,
clearcoat: 0,
clearcoatNormalScale: new Vector2(1,1),
clearcoatRoughness: 0,
ior: 1.5,
reflectivity: 0.5,
sheen: 0,
sheenRoughness: 1,
sheenColor: "white",
specularIntensity: 0,
specularColor: "white",
transmission: 0,
});

const htm_link_1_darwin_mini__arm_left_obj_2 = new Matrix4(); 
htm_link_1_darwin_mini__arm_left_obj_2.set(0.22482289738491157,-0.9743986761575443,-0.0013728488185255207,0.1063210124680479,0.9743993178758038,0.22482144772933169,0.0011340035518374795,-0.4836975363077748,-0.0007963257007739833,-0.0015926529164867532,0.9999984146597762,-0.3136810661060602,0.0,0.0,0.0,1.0);
const object3d_link_1_darwin_mini__arm_left_obj_2={
url: 'https://raw.githubusercontent.com/viniciusmgn/uaibot_content/master/contents/DarwinMini/frm_ext_02.obj',
scale: 0.004,
matrix: htm_link_1_darwin_mini__arm_left_obj_2,
type: 'obj',
mesh_material: material_link_1_darwin_mini__arm_left_obj_2};

object3d_link_1_darwin_mini__arm_left_list.push(object3d_link_1_darwin_mini__arm_left_obj_2);

const link_1_darwin_mini__arm_left = {
theta: 0, 
d: 0, 
a: 0.18, 
alpha: 0, 
jointType: 0, 
showFrame: false,
model3d: object3d_link_1_darwin_mini__arm_left_list}; 
 
list_links_darwin_mini__arm_left.push(link_1_darwin_mini__arm_left);

const object3d_link_2_darwin_mini__arm_left_list = [];

const material_link_2_darwin_mini__arm_left_obj_0 = new MeshPhysicalMaterial({
opacity: 1,
side: DoubleSide,
transparent: false,
aoMapIntensity: 1,
bumpScale: 1,
color: "#302b2b",
emissive: "black",
emissiveIntensity: 1,
envMapIntensity: 1,
flatShading: false,
lightMapIntensity: 1,
metalness: 1,
normalScale: new Vector2(0.5,0.5),
refractionRatio: 0.98,
roughness: 0.5,
clearcoat: 0,
clearcoatNormalScale: new Vector2(1,1),
clearcoatRoughness: 0,
ior: 1.5,
reflectivity: 0.5,
sheen: 0,
sheenRoughness: 1,
sheenColor: "white",
specularIntensity: 0,
specularColor: "white",
transmission: 0,
});

const htm_link_2_darwin_mini__arm_left_obj_0 = new Matrix4(); 
htm_link_2_darwin_mini__arm_left_obj_0.set(0.25869198713146185,-0.9659589434377189,-0.001332436362900432,0.039375444006568866,0.9659595341728109,0.2586905159633287,0.0011812244803286144,-0.48711343066176127,-0.0007963257007739833,-0.0015926529164867532,0.9999984146597762,-0.3136810661060603,0.0,0.0,0.0,1.0);
const object3d_link_2_darwin_mini__arm_left_obj_0={
url: 'https://raw.githubusercontent.com/viniciusmgn/uaibot_content/master/contents/DarwinMini/XL-320.obj',
scale: 0.004,
matrix: htm_link_2_darwin_mini__arm_left_obj_0,
type: 'obj',
mesh_material: material_link_2_darwin_mini__arm_left_obj_0};

object3d_link_2_darwin_mini__arm_left_list.push(object3d_link_2_darwin_mini__arm_left_obj_0);
const material_link_2_darwin_mini__arm_left_obj_1 = new MeshPhysicalMaterial({
opacity: 1,
side: DoubleSide,
transparent: false,
aoMapIntensity: 1,
bumpScale: 1,
color: "#3e3f42",
emissive: "black",
emissiveIntensity: 1,
envMapIntensity: 1,
flatShading: false,
lightMapIntensity: 1,
metalness: 0.5,
normalScale: new Vector2(0.5,0.5),
refractionRatio: 0.98,
roughness: 0.5,
clearcoat: 0,
clearcoatNormalScale: new Vector2(1,1),
clearcoatRoughness: 0,
ior: 1.5,
reflectivity: 0.5,
sheen: 0,
sheenRoughness: 1,
sheenColor: "white",
specularIntensity: 0,
specularColor: "white",
transmission: 0,
});

const htm_link_2_darwin_mini__arm_left_obj_1 = new Matrix4(); 
htm_link_2_darwin_mini__arm_left_obj_1.set(0.25869198713146185,-0.9659589434377189,-0.001332436362900432,0.039375444006568866,0.9659595341728109,0.2586905159633287,0.0011812244803286144,-0.48711343066176127,-0.0007963257007739833,-0.0015926529164867532,0.9999984146597762,-0.3136810661060603,0.0,0.0,0.0,1.0);
const object3d_link_2_darwin_mini__arm_left_obj_1={
url: 'https://raw.githubusercontent.com/viniciusmgn/uaibot_content/master/contents/DarwinMini/SPO.obj',
scale: 0.004,
matrix: htm_link_2_darwin_mini__arm_left_obj_1,
type: 'obj',
mesh_material: material_link_2_darwin_mini__arm_left_obj_1};

object3d_link_2_darwin_mini__arm_left_list.push(object3d_link_2_darwin_mini__arm_left_obj_1);
const material_link_2_darwin_mini__arm_left_obj_2 = new MeshPhysicalMaterial({
opacity: 1,
side: DoubleSide,
transparent: false,
aoMapIntensity: 1,
bumpScale: 1,
color: "#3e3f42",
emissive: "black",
emissiveIntensity: 1,
envMapIntensity: 1,
flatShading: false,
lightMapIntensity: 1,
metalness: 0.5,
normalScale: new Vector2(0.5,0.5),
refractionRatio: 0.98,
roughness: 0.5,
clearcoat: 0,
clearcoatNormalScale: new Vector2(1,1),
clearcoatRoughness: 0,
ior: 1.5,
reflectivity: 0.5,
sheen: 0,
sheenRoughness: 1,
sheenColor: "white",
specularIntensity: 0,
specularColor: "white",
transmission: 0,
});

const htm_link_2_darwin_mini__arm_left_obj_2 = new Matrix4(); 
htm_link_2_darwin_mini__arm_left_obj_2.set(0.25869198713146185,-0.9659589434377189,-0.001332436362900432,-0.13762455599343112,0.9659595341728109,0.2586905159633287,0.0011812244803286144,-0.48711343066176127,-0.0007963257007739833,-0.0015926529164867532,0.9999984146597762,-0.3136810661060602,0.0,0.0,0.0,1.0);
const object3d_link_2_darwin_mini__arm_left_obj_2={
url: 'https://raw.githubusercontent.com/viniciusmgn/uaibot_content/master/contents/DarwinMini/SPU.obj',
scale: 0.004,
matrix: htm_link_2_darwin_mini__arm_left_obj_2,
type: 'obj',
mesh_material: material_link_2_darwin_mini__arm_left_obj_2};

object3d_link_2_darwin_mini__arm_left_list.push(object3d_link_2_darwin_mini__arm_left_obj_2);
const material_link_2_darwin_mini__arm_left_obj_3 = new MeshPhysicalMaterial({
opacity: 1,
side: DoubleSide,
transparent: false,
aoMapIntensity: 1,
bumpScale: 1,
color: "#3e3f42",
emissive: "black",
emissiveIntensity: 1,
envMapIntensity: 1,
flatShading: false,
lightMapIntensity: 1,
metalness: 0.5,
normalScale: new Vector2(0.5,0.5),
refractionRatio: 0.98,
roughness: 0.5,
clearcoat: 0,
clearcoatNormalScale: new Vector2(1,1),
clearcoatRoughness: 0,
ior: 1.5,
reflectivity: 0.5,
sheen: 0,
sheenRoughness: 1,
sheenColor: "white",
specularIntensity: 0,
specularColor: "white",
transmission: 0,
});

const htm_link_2_darwin_mini__arm_left_obj_3 = new Matrix4(); 
htm_link_2_darwin_mini__arm_left_obj_3.set(0.25869198713146185,-0.9659589434377189,-0.001332436362900432,-0.13702455599343114,0.9659595341728109,0.2586905159633287,0.0011812244803286144,-0.48711343066176127,-0.0007963257007739833,-0.0015926529164867532,0.9999984146597762,-0.3136810661060602,0.0,0.0,0.0,1.0);
const object3d_link_2_darwin_mini__arm_left_obj_3={
url: 'https://raw.githubusercontent.com/viniciusmgn/uaibot_content/master/contents/DarwinMini/SPD_2.obj',
scale: 0.004,
matrix: htm_link_2_darwin_mini__arm_left_obj_3,
type: 'obj',
mesh_material: material_link_2_darwin_mini__arm_left_obj_3};

object3d_link_2_darwin_mini__arm_left_list.push(object3d_link_2_darwin_mini__arm_left_obj_3);
const material_link_2_darwin_mini__arm_left_obj_4 = new MeshPhysicalMaterial({
opacity: 1,
side: DoubleSide,
transparent: false,
aoMapIntensity: 1,
bumpScale: 1,
color: "#3e3f42",
emissive: "black",
emissiveIntensity: 1,
envMapIntensity: 1,
flatShading: false,
lightMapIntensity: 1,
metalness: 0.5,
normalScale: new Vector2(0.5,0.5),
refractionRatio: 0.98,
roughness: 0.5,
clearcoat: 0,
clearcoatNormalScale: new Vector2(1,1),
clearcoatRoughness: 0,
ior: 1.5,
reflectivity: 0.5,
sheen: 0,
sheenRoughness: 1,
sheenColor: "white",
specularIntensity: 0,
specularColor: "white",
transmission: 0,
});

const htm_link_2_darwin_mini__arm_left_obj_4 = new Matrix4(); 
htm_link_2_darwin_mini__arm_left_obj_4.set(-2.1632406296408546e-18,1.2246467991473535e-16,1.0,-0.47139034886343734,1.0,-1.2246467991473532e-16,-2.163240629640851e-18,-0.3987180905935498,1.2246467991473532e-16,1.0,-1.2246467991473532e-16,-0.38500000000000006,0.0,0.0,0.0,1.0);
const object3d_link_2_darwin_mini__arm_left_obj_4={
url: 'https://raw.githubusercontent.com/viniciusmgn/uaibot_content/master/contents/DarwinMini/SPO.obj',
scale: 0.004,
matrix: htm_link_2_darwin_mini__arm_left_obj_4,
type: 'obj',
mesh_material: material_link_2_darwin_mini__arm_left_obj_4};

object3d_link_2_darwin_mini__arm_left_list.push(object3d_link_2_darwin_mini__arm_left_obj_4);
const material_link_2_darwin_mini__arm_left_obj_5 = new MeshPhysicalMaterial({
opacity: 1,
side: DoubleSide,
transparent: false,
aoMapIntensity: 1,
bumpScale: 1,
color: "#3e3f42",
emissive: "black",
emissiveIntensity: 1,
envMapIntensity: 1,
flatShading: false,
lightMapIntensity: 1,
metalness: 0.5,
normalScale: new Vector2(0.5,0.5),
refractionRatio: 0.98,
roughness: 0.5,
clearcoat: 0,
clearcoatNormalScale: new Vector2(1,1),
clearcoatRoughness: 0,
ior: 1.5,
reflectivity: 0.5,
sheen: 0,
sheenRoughness: 1,
sheenColor: "white",
specularIntensity: 0,
specularColor: "white",
transmission: 0,
});

const htm_link_2_darwin_mini__arm_left_obj_5 = new Matrix4(); 
htm_link_2_darwin_mini__arm_left_obj_5.set(0.25869198713146185,-0.9659589434377189,-0.001332436362900432,-0.13702455599343114,0.9659595341728109,0.2586905159633287,0.0011812244803286144,-0.48711343066176127,-0.0007963257007739833,-0.0015926529164867532,0.9999984146597762,-0.3136810661060602,0.0,0.0,0.0,1.0);
const object3d_link_2_darwin_mini__arm_left_obj_5={
url: 'https://raw.githubusercontent.com/viniciusmgn/uaibot_content/master/contents/DarwinMini/SPD_1.obj',
scale: 0.004,
matrix: htm_link_2_darwin_mini__arm_left_obj_5,
type: 'obj',
mesh_material: material_link_2_darwin_mini__arm_left_obj_5};

object3d_link_2_darwin_mini__arm_left_list.push(object3d_link_2_darwin_mini__arm_left_obj_5);
const material_link_2_darwin_mini__arm_left_obj_6 = new MeshPhysicalMaterial({
opacity: 1,
side: DoubleSide,
transparent: false,
aoMapIntensity: 1,
bumpScale: 1,
color: "#3e3f42",
emissive: "black",
emissiveIntensity: 1,
envMapIntensity: 1,
flatShading: false,
lightMapIntensity: 1,
metalness: 0.5,
normalScale: new Vector2(0.5,0.5),
refractionRatio: 0.98,
roughness: 0.5,
clearcoat: 0,
clearcoatNormalScale: new Vector2(1,1),
clearcoatRoughness: 0,
ior: 1.5,
reflectivity: 0.5,
sheen: 0,
sheenRoughness: 1,
sheenColor: "white",
specularIntensity: 0,
specularColor: "white",
transmission: 0,
});

const htm_link_2_darwin_mini__arm_left_obj_6 = new Matrix4(); 
htm_link_2_darwin_mini__arm_left_obj_6.set(0.25869198713146185,-0.9659589434377189,-0.001332436362900432,-0.13702455599343114,0.9659595341728109,0.2586905159633287,0.0011812244803286144,-0.48711343066176127,-0.0007963257007739833,-0.0015926529164867532,0.9999984146597762,-0.3136810661060602,0.0,0.0,0.0,1.0);
const object3d_link_2_darwin_mini__arm_left_obj_6={
url: 'https://raw.githubusercontent.com/viniciusmgn/uaibot_content/master/contents/DarwinMini/SPL-2b2.obj',
scale: 0.004,
matrix: htm_link_2_darwin_mini__arm_left_obj_6,
type: 'obj',
mesh_material: material_link_2_darwin_mini__arm_left_obj_6};

object3d_link_2_darwin_mini__arm_left_list.push(object3d_link_2_darwin_mini__arm_left_obj_6);
const material_link_2_darwin_mini__arm_left_obj_7 = new MeshPhysicalMaterial({
opacity: 1,
side: DoubleSide,
transparent: false,
aoMapIntensity: 1,
bumpScale: 1,
color: "#3e3f42",
emissive: "black",
emissiveIntensity: 1,
envMapIntensity: 1,
flatShading: false,
lightMapIntensity: 1,
metalness: 0.5,
normalScale: new Vector2(0.5,0.5),
refractionRatio: 0.98,
roughness: 0.5,
clearcoat: 0,
clearcoatNormalScale: new Vector2(1,1),
clearcoatRoughness: 0,
ior: 1.5,
reflectivity: 0.5,
sheen: 0,
sheenRoughness: 1,
sheenColor: "white",
specularIntensity: 0,
specularColor: "white",
transmission: 0,
});

const htm_link_2_darwin_mini__arm_left_obj_7 = new Matrix4(); 
htm_link_2_darwin_mini__arm_left_obj_7.set(0.25869198713146185,-0.9659589434377189,-0.001332436362900432,-0.13702455599343114,0.9659595341728109,0.2586905159633287,0.0011812244803286144,-0.48711343066176127,-0.0007963257007739833,-0.0015926529164867532,0.9999984146597762,-0.36168106610606027,0.0,0.0,0.0,1.0);
const object3d_link_2_darwin_mini__arm_left_obj_7={
url: 'https://raw.githubusercontent.com/viniciusmgn/uaibot_content/master/contents/DarwinMini/SPL-2b2.obj',
scale: 0.004,
matrix: htm_link_2_darwin_mini__arm_left_obj_7,
type: 'obj',
mesh_material: material_link_2_darwin_mini__arm_left_obj_7};

object3d_link_2_darwin_mini__arm_left_list.push(object3d_link_2_darwin_mini__arm_left_obj_7);
const material_link_2_darwin_mini__arm_left_obj_8 = new MeshPhysicalMaterial({
opacity: 1,
side: DoubleSide,
transparent: false,
aoMapIntensity: 1,
bumpScale: 1,
color: "#3e3f42",
emissive: "black",
emissiveIntensity: 1,
envMapIntensity: 1,
flatShading: false,
lightMapIntensity: 1,
metalness: 0.5,
normalScale: new Vector2(0.5,0.5),
refractionRatio: 0.98,
roughness: 0.5,
clearcoat: 0,
clearcoatNormalScale: new Vector2(1,1),
clearcoatRoughness: 0,
ior: 1.5,
reflectivity: 0.5,
sheen: 0,
sheenRoughness: 1,
sheenColor: "white",
specularIntensity: 0,
specularColor: "white",
transmission: 0,
});

const htm_link_2_darwin_mini__arm_left_obj_8 = new Matrix4(); 
htm_link_2_darwin_mini__arm_left_obj_8.set(-0.9659596979870569,-0.2586923147620205,-0.00038489975495112225,0.4552170486687829,0.00017889745664258696,-0.002155868403089311,0.9999976601108267,-0.3604710185226071,-0.258692539243894,0.9659573688908305,0.0021287613887118985,0.13684629320675168,0.0,0.0,0.0,1.0);
const object3d_link_2_darwin_mini__arm_left_obj_8={
url: 'https://raw.githubusercontent.com/viniciusmgn/uaibot_content/master/contents/DarwinMini/SPL-2b2.obj',
scale: 0.004,
matrix: htm_link_2_darwin_mini__arm_left_obj_8,
type: 'obj',
mesh_material: material_link_2_darwin_mini__arm_left_obj_8};

object3d_link_2_darwin_mini__arm_left_list.push(object3d_link_2_darwin_mini__arm_left_obj_8);
const material_link_2_darwin_mini__arm_left_obj_9 = new MeshPhysicalMaterial({
opacity: 1,
side: DoubleSide,
transparent: false,
aoMapIntensity: 1,
bumpScale: 1,
color: "#3e3f42",
emissive: "black",
emissiveIntensity: 1,
envMapIntensity: 1,
flatShading: false,
lightMapIntensity: 1,
metalness: 0.5,
normalScale: new Vector2(0.5,0.5),
refractionRatio: 0.98,
roughness: 0.5,
clearcoat: 0,
clearcoatNormalScale: new Vector2(1,1),
clearcoatRoughness: 0,
ior: 1.5,
reflectivity: 0.5,
sheen: 0,
sheenRoughness: 1,
sheenColor: "white",
specularIntensity: 0,
specularColor: "white",
transmission: 0,
});

const htm_link_2_darwin_mini__arm_left_obj_9 = new Matrix4(); 
htm_link_2_darwin_mini__arm_left_obj_9.set(-0.9659596979870569,-0.2586923147620206,-0.0003848997549511181,0.45521704866878293,0.0002331101973483058,0.0006174308480948637,-0.9999997822193679,0.2958165250066798,0.258692496072827,-0.9659595773438013,-0.0005361094990069424,-0.13730281753534415,0.0,0.0,0.0,1.0);
const object3d_link_2_darwin_mini__arm_left_obj_9={
url: 'https://raw.githubusercontent.com/viniciusmgn/uaibot_content/master/contents/DarwinMini/SPL-2b2.obj',
scale: 0.004,
matrix: htm_link_2_darwin_mini__arm_left_obj_9,
type: 'obj',
mesh_material: material_link_2_darwin_mini__arm_left_obj_9};

object3d_link_2_darwin_mini__arm_left_list.push(object3d_link_2_darwin_mini__arm_left_obj_9);
const material_link_2_darwin_mini__arm_left_obj_10 = new MeshPhysicalMaterial({
opacity: 1,
side: DoubleSide,
transparent: false,
aoMapIntensity: 1,
bumpScale: 1,
color: "#3e3f42",
emissive: "black",
emissiveIntensity: 1,
envMapIntensity: 1,
flatShading: false,
lightMapIntensity: 1,
metalness: 0.5,
normalScale: new Vector2(0.5,0.5),
refractionRatio: 0.98,
roughness: 0.5,
clearcoat: 0,
clearcoatNormalScale: new Vector2(1,1),
clearcoatRoughness: 0,
ior: 1.5,
reflectivity: 0.5,
sheen: 0,
sheenRoughness: 1,
sheenColor: "white",
specularIntensity: 0,
specularColor: "white",
transmission: 0,
});

const htm_link_2_darwin_mini__arm_left_obj_10 = new Matrix4(); 
htm_link_2_darwin_mini__arm_left_obj_10.set(0.25869198713146185,-0.9659589434377189,-0.001332436362900432,-0.1156245559934311,0.9659595341728109,0.2586905159633287,0.0011812244803286144,-0.48711343066176127,-0.0007963257007739833,-0.0015926529164867532,0.9999984146597762,-0.3136810661060602,0.0,0.0,0.0,1.0);
const object3d_link_2_darwin_mini__arm_left_obj_10={
url: 'https://raw.githubusercontent.com/viniciusmgn/uaibot_content/master/contents/DarwinMini/SPD_1.obj',
scale: 0.004,
matrix: htm_link_2_darwin_mini__arm_left_obj_10,
type: 'obj',
mesh_material: material_link_2_darwin_mini__arm_left_obj_10};

object3d_link_2_darwin_mini__arm_left_list.push(object3d_link_2_darwin_mini__arm_left_obj_10);
const material_link_2_darwin_mini__arm_left_obj_11 = new MeshPhysicalMaterial({
opacity: 1,
side: DoubleSide,
transparent: false,
aoMapIntensity: 1,
bumpScale: 1,
color: "#3e3f42",
emissive: "black",
emissiveIntensity: 1,
envMapIntensity: 1,
flatShading: false,
lightMapIntensity: 1,
metalness: 0.5,
normalScale: new Vector2(0.5,0.5),
refractionRatio: 0.98,
roughness: 0.5,
clearcoat: 0,
clearcoatNormalScale: new Vector2(1,1),
clearcoatRoughness: 0,
ior: 1.5,
reflectivity: 0.5,
sheen: 0,
sheenRoughness: 1,
sheenColor: "white",
specularIntensity: 0,
